354 218 2554
354 15 164600
354 17 854000008
354 4 45299999
354 150 45399999
218 354 3913894379080
218 38 92592593318637
218 199 8576329347205
218 263 8591065221937
218 99 7806401278976
218 335 476190471676210
218 260 66666666498088
218 269 720305407969
218 153 1549666840484
218 136 5685048326245
218 365 1513775373819
218 247 128700128774
218 222 100120142
218 94 15408320703185
218 117 638569599181
218 234 180082837173
218 28 83333332892560
218 165 2152852566085
218 137 2213368750763
218 208 19417475735957
218 100 26315789596669
218 290 9950248603429
218 193 2948113177304
218 336 20040080410766
218 346 555185430347
218 351 1951219529223
218 83 1730103791592
218 108 69829099919126
218 368 467071467952
218 53 7429420602149
218 360 1240694789723
218 27 31152647566636
218 289 23310023136586
218 228 6006005985438
218 321 5530973509368
218 150 1775156998310
218 124 21276595742558
218 69 204081634257747
218 276 4009623136912
218 141 2927400443
218 273 290107336333
218 2 242130750405
218 111 2691065715561
218 0 41666667784230
218 88 526315800959039
218 57 1051524720197
218 331 459347719367
218 322 1858736071878
218 118 232018562376
218 329 2449779505674
218 170 4288164653481
218 277 11086474441881
218 95 2593818999345
218 179 13227513167004
218 326 11778563143256
218 156 73529412054025
218 41 37174721914053
218 227 9132420066660
218 113 3702332460254
218 166 13440860155535
218 119 2092050220418
218 63 39525691726344
218 37 12594458459526
218 311 2310536020997
218 8 11933174455521
218 344 7062146822833
218 115 973709828224
218 307 625782230844
218 182 397677564136
218 7 79365079022111
218 327 262674022947
218 359 79365079205527
218 72 27173913080284
218 301 1489203262819
218 224 5125576706207
218 51 142857142805965
218 364 7686395107743
218 313 105263157772365
218 191 75757575773025
218 324 381825123980
218 17 33496600007938
218 362 132030629063
218 3 8665511229678
218 257 238095237945389
218 96 7923930322688
218 23 6997900600674
218 302 13458950032100
218 93 1120322638254
218 341 7710100235397
218 259 20876826549164
218 54 3424657569659
218 340 1773049639133
218 135 12515644577778
218 220 8460236985459
218 56 8196721313046
218 268 11312217194937
218 317 343878953706
218 71 2689618059375
218 211 33579583668
218 26 34722222120933
218 342 138888888503979
218 244 59880240594020
218 279 16103059818
218 24 6978367169840
218 107 357142858863027
218 353 11689070738
218 239 85106385235
218 30 1494768320258
218 284 4737091437598
218 188 123456789547615
218 356 22691173549
218 195 339443313120
218 109 5750431246781
218 262 3134796214861
218 318 14556040852110
218 32 51020408548437
218 123 14947683108249
218 126 40387722110
218 140 32258064952527
218 309 3042287833133
218 60 28328611735
218 116 18761725947145
218 254 3211303821887
218 103 33670033607070
218 106 8503401342440
218 67 1047120438923
218 192 485908647725
218 270 127713919987
218 223 517330571075
218 372 105485230250
218 338 973330723718
218 169 6540222393488
218 79 225937636335
218 325 208333332333151
218 127 899280572748
218 132 444247000748
218 197 15197568553195
218 4 1774999995587
218 369 257665548785
218 294 1824817502579
218 152 10672358583831
218 255 5595970810574
218 97 4464285639461
218 357 2763957977401
218 145 10319917487273
218 202 92165897494
218 78 30220610189
218 92 1568381464446
218 339 22883295276046
218 253 44444444426
218 328 448028674426
218 350 19379845047069
218 250 434121981508
218 59 10152284199794
218 296 212765958476850
218 15 6442053873
218 52 441111604770
218 157 1066098059706
218 219 10952902550087
218 21 30965200101998
218 104 17006802738337
218 164 65789473328626
218 189 126968004551
218 252 336473752204
218 215 1965022588302
218 1 36363636621
218 292 801153658762
218 47 53763441128384
218 178 13175230569175
218 236 84245998593
218 201 5007511359712
218 14 32743942200
218 162 751314804594
218 10 307938659949
218 207 4504504551087
218 265 967117997013
218 158 272479555
218 243 23474178513930
218 146 9289199877714
218 149 6105006180493
218 183 2682403444530
218 101 199999999898795
218 173 1921598725570
218 91 8888889057489
218 180 682128240524
218 238 281610811568
218 43 78740158036364
218 312 11441647405040
218 20 18416206881107
218 305 312900905545
218 5 1669897004727
218 110 683994530767
218 112 112650999854832
218 73 939849610769
218 297 4492362943805
218 288 10080645220732
218 122 126582278726480
218 249 357142855801294
218 213 5213764205688
218 209 78740158078523
218 121 3556187721588
218 358 8196721422181
218 13 72992699730455
218 299 1949317737464
218 90 20746887981770
218 319 18115942162187
218 308 3736920817667
218 168 10277492141205
218 64 9487666003899
218 147 199203186115
218 138 70921985153866
218 229 18382352849216
218 144 196078428942925
218 46 4570383886687
218 128 9999999871704
218 232 41841004325828
218 42 5747126569624
218 142 788643534399
218 130 111111110972782
218 75 200000000422922
218 337 61274510526
218 314 8952551458398
218 190 748503001375
218 271 8733624396806
218 31 5530973423421
218 274 76923078122389
218 251 973899492
218 291 413564929464
218 355 4524886860934
218 295 3182686200835
218 177 726216420874
218 181 407830337197
218 9 21321961938124
218 275 7168458794
218 367 288184436892
218 25 7147962858925
218 61 53763440832282
218 272 1538461517460
218 240 1273074455441
218 86 4537205028414
218 235 9345794468643
218 120 1375515810856
218 264 3846153813040
218 352 15974440782303
218 55 1237930187487
218 266 3987240800680
218 214 169204737435
218 298 294117645386964
218 19 2279462039563
218 186 37778617008
218 105 14398848149
218 29 146327185434
218 221 127064803795
218 50 7864799855106
218 11 69930068930804
218 261 692520776554
218 172 112359548313727
218 74 15576324223826
218 230 1034554110476
218 343 21834061277316
218 366 380807310327
218 161 2330459094794
218 233 54644808344521
218 58 18656716485049
218 70 53191489926355
218 316 1119820813511
218 66 2066115691083
218 6 24999999945257
218 163 37593985002563
218 231 37313433065
218 361 6119951067960
218 371 14556040657779
218 133 23696681983866
218 159 6002401001573
218 370 1775679994127
218 12 36231884299504
218 139 32894736601454
218 306 419991597617
218 300 19417475762567
218 237 56497175276648
218 216 12903225617399
218 373 1345514734
218 304 1071007824777
218 87 544662307201
218 258 381941792746
218 76 3743916088491
218 330 1426540985029
218 77 28901734027146
218 174 51387461946
218 248 4606172330512
218 82 4009622989871
218 196 45045045286675
38 218 106
38 15 6919
38 17 35989999
38 5 1792000
38 4 1904999
38 373 1445
38 330 1531000
38 150 1905000
15 354 60386472437
15 38 1438848930822
15 335 7283321178322
15 5 25779999871
15 112 1740353008522
15 153 24084778809
15 136 87873462083
15 247 1992825815
15 4 27399999997
15 234 2790957292
15 28 1297016856157
15 286 6622516614011
15 368 7225433618
15 53 116550116782
15 360 19157088496
15 27 481231946571
15 289 360230546915
15 203 312500000863479
15 124 329163920153
15 2 3745318328
15 273 4492362925
15 65 8605851965
15 283 135263087636
15 118 3584229376
15 322 28612303247
15 170 66418704682
15 277 171526584599
15 41 574382544985
15 146 143500000108
15 119 32467532913
15 37 194704049649
15 311 35688793050
15 344 109397220438
15 115 15060240809
15 327 4095004033
15 359 1230012313531
15 301 22993791537
15 150 27399999936
15 51 2242152458712
15 362 2040816366
15 3 134246209039
15 370 27559999881
15 96 122549021619
15 23 109649122860
15 330 22089999717
15 340 27548209562
15 373 20789999
15 244 931966453530
15 279 249376557
15 353 181126608
15 109 88888889352
15 356 351123590
15 262 48473097627
15 318 225529995035
15 287 4201680635249
15 126 623830307
15 140 499500501239
15 81 428167795544879
15 60 438212090
15 129 145137880107
15 116 290697680672
15 254 49652433447
15 106 132450330038
15 369 3992015959
15 294 28200789995
15 97 69156294244
15 357 42698548258
15 202 1422475089
15 145 159489634666
15 78 484261499
15 328 6954102950
15 59 157472874798
15 250 6724949582
15 148 363108212
15 218 1542799
15 157 16528925452
15 219 168918919341
15 252 5181347157
15 189 1968503949
15 1 563380283
15 292 12376237570
15 207 69735008136
15 95 40070000653
15 173 29726516216
15 91 138312583975
15 20 288184435951
15 35 46382188577
15 73 14513788144
15 249 5534034358201
15 122 1984126977029
15 358 126903549958
15 168 159235665385
15 64 146627565419
15 246 13642564734
15 147 3088326179
15 108 1076499971777
15 46 70871722749
15 48 1085776329204
15 274 1188777953971
15 251 15105740
15 291 6414368154
15 181 6329113771
15 25 110864745156
15 272 23809523791
15 86 70077085058
15 120 21258503805
15 55 19153419102
15 266 61881188921
15 214 2617801037
15 186 587199061
15 105 222766765
15 11 1084128374902
15 230 16017939958
15 366 5941770733
15 316 17331022684
15 66 31948882104
15 163 581395345140
15 6 386398766364
15 361 94966763503
15 17 516899998021
15 231 578034693
15 371 225733636420
15 306 6544502709
15 304 16589250004
15 216 199999999369
15 76 57803467965
15 77 446428574091
15 310 46082949108
15 248 71890726281
252 4 525999994
252 112 33600000226
252 5 495000000
252 146 2754000004
252 373 399400
252 330 425000000
252 150 526000000
252 81 8274800126319
252 267 138121547
252 95 771000003
252 15 1912999
252 218 29640
252 17 9940000001
4 252 18903591
4 119 117924529
4 77 1625223476
4 166 757575753
4 52 24820054
4 26 1956947195
4 287 15174506828
4 266 224215246
4 248 259403364
4 96 446229363
4 81 1562299998858
4 334 249376557
4 347 5780346868
4 223 29154519
4 335 26441036357
4 251 54824
4 54 193050192
4 182 22328904
4 105 810372
4 117 35958288
4 15 362318
4 313 5941770692
4 91 500000002
4 132 25000000
4 356 1276813
4 97 251130082
4 106 478468903
4 305 17618040
4 310 167504185
4 92 88183421
4 36 95785441277
4 123 840336129
4 306 23775558
4 82 225733627
4 329 137931031
4 369 14492753
4 360 69783670
4 30 84317033
4 246 49309663
4 307 35335688
4 118 13037809
4 299 109409189
4 330 80256821
4 213 292825767
4 152 600600595
4 240 71479627
4 170 240847783
4 273 16339869
4 56 459770107
4 153 87183958
4 90 1165501147
4 140 1819836228
4 254 180831823
4 331 25826446
4 365 85324231
4 37 707714068
4 346 31228530
4 27 1751313461
4 284 266666665
4 189 7147962
4 234 10139931
4 239 4777830
4 99 438596483
4 130 6246096237
4 76 210526316
4 328 25188916
4 7 4492362952
4 361 344827585
4 86 255232256
4 337 3441156
4 225 157952935240
4 183 151057400
4 293 4610419644
4 108 3932000015
4 368 26281208
4 24 393081761
4 184 16605778817
4 355 254323495
4 116 1055966210
4 231 2100840
4 195 19083969
4 197 853970967
4 271 492610834
4 128 560224085
4 88 29498524608
4 49 58997050885
4 43 4458314787
4 201 280347636
4 168 578034677
4 127 50428644
4 257 13404825887
4 286 24096385617
4 135 702740694
4 333 144927535743726
4 150 99990000
4 194 28089887485
4 244 3380662633
4 344 397772471
4 350 1092896176
4 353 659630
4 6 1406469769
4 73 52742615
4 199 482392664
4 192 27247956
4 101 11098779165
4 229 1036269441
4 115 54794520
4 32 2873563225
4 71 150920615
4 142 44408917
4 298 16207455622
4 289 1309586164
4 134 97370983
4 297 252143218
4 125 338983052
4 351 109649121
4 205 766871152
4 104 954198486
4 282 2188183782
4 8 672947508
4 78 1700680
4 332 35971223219
4 268 637755103
4 359 4476275708
4 47 3030302979
4 34 290107338
4 230 58207217
4 18 17921147261
4 288 564971759
4 270 7178751
4 372 5952381
4 216 725689401
4 207 253164556
4 42 322893126
4 159 337609722
4 110 38314176
4 339 1285347041
4 14 1839926
4 274 4321521181
4 2 13605442
4 260 3765060182
4 17 1885999960
4 180 38284839
4 62 31259768
4 143 2580978197
4 247 7246376
4 280 35765379017
4 367 16191710
4 210 14997000776
4 196 2544529308
4 318 817661510
4 59 571428576
4 138 3987240838
4 107 19512195121
4 217 5434782596
4 177 40816326
4 124 1197604774
4 87 30674846
4 291 23255814
4 131 111781800
4 164 3690036907
4 263 482858521
4 264 216384644
4 327 14792899
4 226 289017336
4 144 10893246102
4 133 1335113497
4 44 1561600016801
4 147 11185682
4 193 165562914
4 63 2226179846
4 100 1477104870
4 343 1228501240
4 178 741839760
4 70 3016591304
4 218 5625
4 16 141643060761
4 354 219780221
4 79 12738853
4 295 179211471
4 112 6343999984
4 126 2271178
4 13 4116920519
4 312 643915010
4 321 311526478
4 314 504032261
4 67 58892815
4 69 11507479934
4 253 2496255
4 336 1128668175
4 181 22935780
4 48 3952569190
4 294 102669406
4 25 402414480
4 171 419463088992
4 363 20576131846
4 102 59894586
4 167 284900283224
4 238 15822785
4 188 6993007035
4 22 40322581053
4 202 5184033
4 160 2949852
4 292 45024763
4 85 38850038709
4 39 73551
4 317 19305018
4 242 28105677283
4 46 257731962
4 11 3940110346
4 114 270270
4 219 615384614
4 325 11820331072
4 224 288683606
4 303 32341526
4 83 97370984
4 357 155520996
4 66 116144016
4 233 3067484633
4 203 1132502824579
4 278 591086408623
4 349 2958579873
4 154 642260755
4 1 2047082
4 281 34602075572
4 232 2347417835
4 275 404530
4 172 6293266246
4 38 5238344745
4 262 176273578
4 120 77279752
4 261 38910506
4 300 1093493706
4 340 99900098
4 95 146070700
4 109 323624595
4 228 337837840
4 250 24414062
4 31 310559006
4 187 39840636948
4 136 319795333
4 174 2898550
4 265 54555373
4 258 21464294
4 316 63091482
4 53 418060195
4 276 225479147
4 55 69444443
4 175 1069518
4 221 7142857
4 348 33333333261
4 173 108096422
4 285 9017132
4 214 9523809
4 60 1592356
4 65 31220730
4 311 129870130
4 308 210304944
4 319 1017294013
4 269 40595948
4 9 1197604774
4 259 1170946485
4 111 151057399
4 57 59066744
4 206 10834236080061
4 146 523100005
4 315 36603221400
4 35 168776372
4 28 4710315603
4 215 110375274
4 93 63291139
4 74 875656736
4 64 534188039
4 156 4132231402
4 304 60240963
4 237 3170577056
4 211 1893939
4 3 487092051
4 5 94055680
4 163 2116402125
4 19 128040972
4 10 17307026
4 301 83752093
4 338 54734537
4 190 42087541
4 326 663129973
4 186 2127659
4 176 12239902161
4 129 526870386
4 255 314465408
4 20 1044932070
4 208 1092896175
4 370 100029999
4 94 869565218
4 277 623830319
4 373 75715
4 241 74999999789
4 45 32530904587
4 158 15278
4 41 2092050188
4 236 4716981
4 249 20161290332
4 371 820344544
4 157 60132291
4 23 394166340
4 345 1047120416
4 145 579038796
4 72 1526717571
4 141 164744
4 137 124378110
4 0 2347417827
4 169 367376925
4 149 343642617
4 161 131061599
4 358 460405163
4 165 121359223
4 279 908265
4 179 744601651
4 283 493827170
4 324 21417862
4 122 7215007278
4 121 199999997
4 185 41528238
4 362 7418397
4 33 23408239296
4 113 208333334
4 290 560538115
4 51 8058017875
4 296 11848341275
4 200 3418803343162
4 209 4450378221
4 322 104384132
4 272 86505190
4 235 529100526
4 61 3022061045
4 148 1330671
86 373 29610
86 330 31389999
86 4 39080000
86 81 610100003301
86 5 36739999
86 112 2485000018
86 146 204200001
86 150 39080000
86 17 737199996
86 140 710934168
86 95 57119999
86 15 141999
86 218 2200
373 86 336813740131
373 235 698324009192
373 348 43859650059379
373 55 91827363732
373 181 30238887377
373 274 5820721818701
373 355 336247475525
373 75 14925373139043
373 242 37174721388394
373 16 185185183971360
373 194 37313432559294
373 34 381970973042
373 190 55586436862
373 370 131863001217
373 76 277932184464
373 310 221729497875
373 187 52631579560463
373 306 31525850989
373 330 105963000343
373 332 47619047940301
373 66 153609829741
373 161 172741402466
373 50 584700003982
373 186 2806623600
373 214 12562814245
373 19 167841559006
373 230 76923077540
373 29 10889687399
373 80 385653683154
373 11 5213764263250
373 243 1747335308281
373 173 142938823981
373 91 660066005306
373 183 198412698329
373 178 980392145410
373 189 9442870510
373 252 24999999974
373 1 2704164457
373 146 689788996741
373 185 54945054979
373 357 206185569862
373 202 6844626939
373 256 104123280
373 15 478240081
373 250 32320620518
373 21 2303500008297
373 59 750187534439
373 128 741839767239
373 232 3120124753228
373 122 9523809570703
373 112 8366050189052
373 5 124003000457
373 238 20898641357
373 43 5858230747781
373 73 69686411694
373 340 132100396089
373 96 589970495714
373 150 131804000924
373 334 330360091944
373 23 517357346831
373 151 224366167030
373 51 10604453946720
373 324 28457598611
373 191 5675368918330
373 344 524658975760
373 115 72358900399
373 17 2487799983561
373 72 2035830611058
373 359 5910165373740
373 325 15624999775743
373 369 19146084416
373 294 135317996075
373 152 792393016439
373 97 331674960900
373 140 2400960377060
373 60 2105263151
373 262 232828872806
373 318 1081081079121
373 126 3004807629
373 287 19999999869037
373 49 78124998944172
373 284 352112676912
373 81 2058910906385417
373 356 1687763711
373 109 427350425587
373 30 111482719509
373 244 4458314858351
373 353 870776730
373 165 160513645071
373 137 162707450619
373 100 1949317726151
373 234 13404825684
373 108 5187399993096
373 290 738007384005
373 365 112612611464
373 247 9569377875
373 153 115074796359
373 136 422475714860
373 222 7434944
373 4 131822001872
373 99 578034679473
373 335 34965035118779
373 38 6910849979150
373 119 155763239074
373 227 680735195008
373 8 888099469604
373 95 192639000774
373 63 2949852507154
373 331 34129693190
373 118 17241379357
373 179 983284171880
373 329 181389442193
373 283 651890477794
373 210 19880715421099
373 218 7422099
373 360 92165899043
373 289 1730103786570
373 273 21598272111
373 2 17985611405
373 124 1582278502922
202 5 1822000029
202 373 1456000
202 15 6980000
202 218 108000
202 4 1919000011
202 150 1919000005
202 17 36249999803
5 202 5488474
5 250 26041666
5 59 613496932
5 15 385356
5 189 7598784
5 252 20120724
5 158 16331
5 173 115127791
5 25 428265516
5 206 11534025325810
5 86 271444085
5 55 75357950
5 11 4192872174
5 230 61919504
5 300 1163061201
5 306 25342118
5 258 22712303
5 373 80490
5 38 5567928667
5 335 27932961166
5 269 43092303
5 136 340020404
5 153 93457944
5 247 7704160
5 234 10842458
5 150 106299999
5 100 1572327053
5 346 33333333
5 360 74239049
5 124 1273885349
5 203 1203369449345
5 218 5980
5 273 17452007
5 119 125786165
5 37 752445451
5 115 58582307
5 344 423011844
5 182 23736618
5 4 106299999
5 340 106269926
5 279 966183
5 356 1357773
5 109 344115631
5 126 2415458
5 140 1935359001
5 49 62932661512
5 97 267665951
5 369 15405946
199 218 1165
199 4 20690000
119 4 84499999
119 218 4749
119 15 307999
119 150 84600000
119 5 79499998
119 373 64200
77 4 6136999
77 150 6140000
77 218 346
77 15 22339
8 150 14850000
8 218 833
8 4 14850000
8 373 11259
150 8 672494956
150 282 2188183810
150 78 1703577
150 297 252334090
150 134 97465887
150 351 109529024
150 104 956022942
150 230 58241118
150 34 290023202
150 18 17921146987
150 332 36101082639
150 268 638162095
150 359 4478280336
150 47 3030303027
150 192 27322404
150 101 11111111244
150 73 52798309
150 289 1308557946
150 298 16233766200
150 229 1037344383
150 115 54794519
150 342 7800312053
150 71 150988976
150 142 44406945
150 333 144927534875697
150 245 102600001
150 194 28011204648
150 286 24154589359
150 257 13386880942
150 135 702740694
150 108 3933999974
150 353 659195
150 6 1402524510
150 244 3386386733
150 344 397772463
150 350 1091703051
150 271 495049508
150 128 561797758
150 195 19011406
150 197 855431999
150 168 578368998
150 201 280819990
150 127 50454087
150 88 29411764235
150 212 998003988
150 49 58997051258
150 43 4456328016
150 227 514668043
150 147 11173184
150 63 2227667633
150 193 166112954
150 263 481927709
150 327 14771049
150 264 216717598
150 243 1324503314
150 218 5625
150 16 141242939171
150 100 1477104859
150 178 742390495
150 343 1228501243
150 81 1562400013301
150 318 819000812
150 59 571428567
150 138 3990422994
150 107 19496977850
150 309 171203561
150 87 30769229
150 164 3690036885
150 291 23310022
150 217 5434782689
150 177 40832993
150 124 1196172251
150 180 38343557
150 84 311138769
150 2 13605442
150 260 3773584941
150 222 5652
150 196 2544529244
150 247 7251631
150 367 16204828
150 280 35739814547
150 270 7194244
150 216 725689413
150 372 5917159
150 159 337495785
150 207 253164556
150 42 323101779
150 288 564971741
150 274 4323389615
150 98 7639419
150 14 1841620
150 339 1282051281
150 110 38461538
150 155 71326675
150 369 14494854
150 360 69735006
150 306 23809523
150 82 225225223
150 329 138504156
150 30 84175084
150 17 1886000027
150 246 49333991
150 307 35211267
150 313 5959475585
150 91 499750128
150 132 25062656
150 364 433087914
150 198 50761421
150 97 251130082
150 356 1277139
150 117 35971223
150 15 362450
150 4 99990000
150 310 167224081
150 92 88183420
150 123 840336141
150 106 478468898
150 305 17649135
150 223 29325513
150 335 26434047276
150 251 54794
150 248 259268862
150 266 224215247
150 96 446428568
150 334 249376561
150 54 193050191
150 182 22337383
150 105 811030
150 12 2046245145
150 166 759301443
150 252 18903591
150 77 1624695363
150 119 117924527
150 256 78856
150 89 18975332
150 52 24826216
150 24 393081757
150 368 26288117
150 337 3442340
150 225 158002845479
150 183 149925037
150 116 1055966225
150 231 2100840
150 355 254582482
150 328 25252525
150 7 4496402939
150 75 11414221958
150 239 4770992
150 99 439560442
150 76 210970463
150 130 6253908714
150 86 255297420
150 361 343642607
150 254 180831826
150 331 25839793
150 37 708215295
150 346 31243165
150 90 1166861145
150 140 1819836218
150 204 3882546786
150 234 10140959
150 27 1751313498
150 284 267379678
150 189 7147962
150 330 80321285
150 213 292911543
150 118 13037809
150 299 109769484
150 170 240905806
150 240 71530758
150 191 4299226178
150 273 16339869
150 153 87183959
150 158 15299
150 45 32541490584
150 103 1900057005
150 249 20202019966
150 40 18181818126
150 371 819672122
150 41 2092050225
150 21 1741999999
150 326 662251655
150 186 2127659
150 129 526592944
150 20 1043841323
150 255 314465407
150 338 54794519
150 190 42105262
150 373 75718
150 277 623830315
150 208 1091703052
150 151 170590241
150 94 869565233
150 3 487329445
150 5 94055681
150 163 2117298341
150 146 522599999
150 320 5452562602
150 301 83822296
150 10 17298045
150 19 128205127
150 156 4128819175
150 93 63211125
150 74 876424184
150 64 534188034
150 237 3171582605
150 162 42354934
150 211 1893939
150 304 60277275
150 290 559597079
150 51 8051529858
150 296 11792452780
150 200 3419972663456
150 209 4446420656
150 148 1328197
150 322 104493208
150 272 86580085
150 61 3017501577
150 235 528541227
150 121 199203187
150 185 41528239
150 362 7434944
150 33 23402761797
150 283 493583418
150 179 745156470
150 29 8230452
150 122 7215007262
150 324 21440823
150 113 208768267
150 112 6346999991
150 149 343288710
150 279 908265
150 358 461254620
150 161 130718954
150 165 121212120
150 145 579374264
150 72 1526717553
150 157 60168471
150 23 394166340
150 0 2341920406
150 323 468164791
150 141 165016
150 137 124533002
150 80 292056073
150 66 116144018
150 233 3076923045
150 278 591296118722
150 203 1133786853155
150 83 97370984
150 357 155520996
150 281 34722222452
150 275 404367
150 232 2341920447
150 172 6297229250
150 1 2050020
150 317 19267822
150 46 257069411
150 242 28121484869
150 292 45207956
150 202 5184033
150 224 288600289
150 325 11848341370
150 219 615006156
150 114 271002
150 11 3941663413
150 25 402900890
150 48 3937007859
150 294 102564100
150 22 40485829690
150 102 59905349
150 167 284090911256
150 238 15822784
150 126 2272727
150 13 4111842093
150 312 643915009
150 321 310559003
150 295 179533216
150 79 12738853
150 354 219780220
150 181 22883295
150 314 503524676
150 67 58997050
150 69 11494252801
150 253 2498126
150 259 1173571184
150 111 151745066
150 57 58997049
150 315 36576445274
150 35 168976007
150 28 4714757146
150 215 110741970
150 206 10834236112737
150 366 21367521
150 308 210260718
150 319 1019368010
150 269 40530134
150 60 1594896
150 65 31220731
150 311 129870129
150 352 896057354
150 9 1200480204
150 50 442599988
150 276 225580870
150 55 69444445
150 221 7158196
150 348 33222591010
150 173 108119797
150 258 21469362
150 316 63011972
150 53 418060200
150 214 9532888
150 120 77399381
150 261 38759689
150 300 1093493710
150 370 99989998
150 38 5238344650
150 262 176273576
150 136 319897631
150 174 2890173
150 68 2083333324
150 265 54585152
150 95 146006714
150 340 99900100
150 109 323624599
150 250 24420023
150 228 337837841
150 31 310559004
150 187 39840637250
282 150 4559999
282 4 4540000
235 373 14310
235 150 18869999
235 17 355900000
235 218 1060
235 4 18850000
263 218 1158
263 150 20560000
263 4 20520000
78 150 5769999997
78 4 5770000006
78 218 324900
78 15 20650000
297 150 39479999
297 4 39499999
297 218 2226
134 150 102199999
134 4 102300000
99 218 1277
99 4 22700000
99 150 22689999
99 373 17300
348 373 225
348 4 297000
348 150 297000
335 15 1373
335 218 21
335 4 376300
335 150 376399
335 17 7105399
335 5 357999
335 373 285
351 150 90900000
351 218 5124
351 4 90800001
104 150 10440000
104 4 10439999
104 218 587
166 4 13030000
166 218 734
166 150 13059999
230 150 171000000
230 373 129799
230 4 170899999
230 112 10820000001
230 5 160800000
230 17 3234000048
230 15 624300
230 218 9629
34 150 34379999
34 373 26059
34 4 34400000
250 5 382800006
250 146 2130999961
250 330 326499996
250 373 308500
250 218 22885
250 15 1479999
250 95 594299999
250 4 406299995
250 17 7670000139
250 150 406400007
59 5 15344999
59 150 16111000
59 373 12240
59 4 16123999
59 15 58745
59 218 907
59 17 304999998
260 218 150
260 150 2649999
260 4 2647000
109 17 581000003
109 15 112099
109 218 1733
109 4 30839999
109 330 24670000
109 373 23400
109 146 160699997
109 5 29019999
109 150 30859999
17 109 17182130
17 244 179436570
17 294 5452562
17 97 13315579
17 369 768639
17 140 96487842
17 262 9345794
17 102 3176620
17 67 3115264
17 49 3128911087
17 254 9578544
17 7 238379024
17 182 1183992
17 115 2898550
17 344 21083702
17 359 237529689
17 340 5296610
17 96 23674242
17 362 391849
17 23 20920502
17 283 26109660
17 150 5296610
17 45 1724137929
17 360 3676470
17 2 722021
17 218 298
17 124 63411541
17 37 37523452
17 63 118203308
17 118 691562
17 247 384172
17 136 16949152
17 335 1401404223
17 4 5299417
17 354 11655011
17 38 277854959
17 269 2149151
17 346 1652619
17 100 78369905
17 28 249687884
17 234 537634
17 230 3092145
17 11 208768264
17 76 11173184
17 187 2109704655
17 225 8382229689
17 300 57971014
17 306 1264222
17 258 1137656
17 373 4015
17 355 13477089
17 130 331345267
17 16 7490636736
17 206 574382547904
17 235 28050490
17 86 13531799
17 240 3802281
17 55 3676470
17 120 4108463
17 181 1215066
17 25 21335608
17 333 7686395016024
17 213 15503875
17 249 1066098092
17 122 381679387
17 312 34129692
17 35 8952551
17 305 932314
17 142 2353494
17 157 3190810
17 202 275785
17 15 19212
17 59 30303030
17 250 1295336
17 173 5734931
17 252 1004016
17 189 379075
206 330 739
206 5 865
206 146 4807
206 17 17332
206 4 919
206 95 1342
206 300 10069
206 150 919
330 206 13531799592237
330 86 317662010
330 4 124100000
330 373 94126
330 300 1360729340
330 173 134843582
330 252 23474178
330 189 8904719
330 15 450450
330 250 30257186
330 150 124099999
330 97 312499997
330 369 18106101
330 109 405350627
330 356 1591343
330 247 8912656
330 136 398406371
330 38 6531678592
330 37 891265591
330 218 6986
330 360 87108013
330 368 32786885
55 373 108900
55 5 132700000
55 146 751000002
55 4 142900001
55 17 2700000019
55 15 522099
55 218 8055
55 150 143099997
18 150 556999
18 4 555999
52 4 401100001
52 150 401699994
52 218 22549
332 150 274000
332 373 207
332 4 272999
268 150 15639999
268 4 15639999
268 218 878
26 4 5109999
26 218 288
269 218 13849
269 17 4643999961
269 5 232060001
269 4 245899999
269 150 245799997
112 15 5731
112 189 112612
112 252 297619
112 173 1706484
112 86 4024144
112 230 924214
112 300 17274140
112 373 1192
112 4 1575299
112 136 5053057
112 218 88
112 2 214592
112 150 1574803
112 344 6289308
112 96 7017543
112 244 53191489
112 356 20166
112 32 45454545
359 150 2230000
359 17 42100000
359 81 34799999995
359 218 125
359 15 8109
359 4 2230000
359 373 1686
287 4 658000
287 15 2380
287 373 500
47 150 3300000
47 4 3290000
47 218 185
153 218 6374
153 15 412699
153 4 113299999
153 150 113199998
153 5 106999999
153 373 86000
266 4 44399999
266 150 44399999
266 218 2508
266 15 161599
248 4 38430001
248 150 38449999
248 15 139099
248 218 2163
96 4 22309999
96 17 421000000
96 150 22310000
96 218 1255
96 15 80999
96 373 16930
96 112 1424999993
192 150 362999995
192 4 363999993
192 218 20500
181 373 330299
181 4 433999995
181 17 8199999994
181 218 24480
181 15 1570000
181 150 434000003
81 4 6393
81 150 6399
81 344 25458
81 359 287356
81 118 854
81 189 458
81 86 16353
81 252 1208
81 15 23
81 373 4
81 300 69979
81 262 11317
81 136 20458
81 187 2551020
81 173 6930
81 321 19920
81 363 1326259
136 218 1752
136 15 113000
136 95 45499999
136 17 588000008
136 5 29309999
136 112 1979000010
136 4 31149999
136 146 163000001
136 81 487100008213
136 373 23629
136 330 25090000
136 150 31140000
334 4 40000000
334 150 39999999
334 373 30270
347 4 1720999
101 150 893999
101 4 892999
101 218 50
223 4 341999994
223 150 340999995
223 218 19330
73 150 189000001
73 4 189000002
73 373 143499
73 218 10640
73 15 688999
247 15 4996000
247 218 77399
247 95 2010999981
247 150 1374000019
247 17 25940000403
247 4 1374999988
247 5 1293000013
247 146 7189999951
247 373 1043000
247 330 1107999988
365 218 6602
365 4 116900000
365 373 88800
251 4 181999999130
251 150 182099999587
251 15 661999996
251 218 10246000
222 218 99870002
222 150 1769020000953
222 373 1344999994
289 150 7602000
289 218 428
289 15 27680
289 4 7602000
289 373 5780
298 150 614000
298 4 614999
298 218 34
54 4 51600000
54 150 51400000
54 218 2899
229 150 9630000
229 4 9619999
229 218 541
94 218 645
94 150 11449999
94 4 11449999
182 4 446140000
182 17 8425300096
182 218 25113
182 150 446249999
182 5 421289999
115 150 181100002
115 17 3410000013
115 218 10200
115 15 663000
115 4 181000000
115 373 138199
115 5 170700001
105 4 12299999959
105 150 12289999921
105 15 44889999
105 218 692199
244 17 55669999
244 150 2947999
244 4 2950999
244 15 10729
244 218 165
244 373 2242
244 112 187999998
342 150 1260999
342 218 71
71 150 65530000
71 4 65540000
71 218 3689
117 218 15570
117 4 277000001
117 150 276899996
142 150 223499998
142 4 223440000
142 218 12580
142 17 4214999949
333 150 68
333 4 68
333 17 1298
274 373 1717
274 150 2293999
274 4 2292999
274 15 8351
274 218 129
189 112 88800000851
189 5 1309000010
189 4 1389999983
189 146 7269999962
189 373 1055000
189 81 21827599591716
189 330 1121000006
189 150 1389999981
189 95 2030999979
189 218 78259
189 15 5039999
189 17 26219999674
234 15 3570000
234 218 55280
234 4 982199984
234 150 982199998
234 17 18530000079
234 5 922300014
234 146 5168000115
234 373 744700
245 150 97465885
194 150 353999
194 373 268
194 4 353000
313 4 1676999
313 150 1677999
313 218 95
28 218 119
28 15 7710
28 17 39920000
28 4 2114999
28 150 2116000
165 218 4644
165 150 82300000
165 373 62299
165 4 82299999
91 4 19949999
91 373 15140
91 150 19959999
91 218 1122
91 15 72300
286 150 412000
286 15 1509
286 4 411999
257 150 741999
257 4 739999
257 218 41
135 150 14079999
135 4 14079999
135 218 792
137 218 4475
137 150 79499999
137 373 59970
137 4 79399999
132 4 398999999
132 150 398999999
132 218 22490
208 218 513
208 150 9160000
208 4 9129999
356 4 7794000012
356 150 7796000014
356 108 306899998155
356 218 438699
356 15 28310000
356 330 6284000087
356 373 5911000
356 146 40789999743
356 5 7334000114
356 112 494470003272
100 218 378
100 150 6740000
100 17 127000000
100 4 6730000
100 5 6329999
100 373 5100
97 4 39690000
97 17 749000003
97 150 39700000
97 95 58039999
97 15 144099
97 218 2235
97 330 32000000
97 373 30119
97 146 208000001
97 5 37360000
106 4 20699999
106 150 20700000
106 15 75100
106 218 1168
108 150 2539360
108 218 142
108 4 2539360
108 356 32583
108 15 9254
108 373 1925
294 17 1834000047
294 218 5463
294 15 354499
294 4 97199998
294 373 73600
294 150 97100001
353 150 15070000246
353 4 15089999857
353 218 849899
353 15 55009999
353 373 11446000
305 4 566200012
305 146 2969000020
305 150 565800000
305 218 31850
305 17 10651999889
369 17 12970000012
369 4 686799994
369 150 687099986
369 95 1004200012
369 15 2498000
369 218 38700
369 330 552100009
369 373 521300
369 146 3597000035
369 5 646799991
6 150 7090000
6 4 7079999
6 218 399
6 15 25789
310 4 59600000
310 373 45099
310 150 59599999
310 15 217000
92 4 112699999
92 150 112700000
92 218 6348
290 218 1002
290 150 17760000
290 373 13499
290 4 17800000
36 4 104099
344 150 24960000
344 17 470999997
344 81 390500001667
344 15 90880
344 218 1406
344 4 24970000
344 95 36569999
344 373 18909
344 112 1586000015
344 5 23539999
344 146 130700000
123 4 11870000
123 150 11859999
123 218 669
350 150 9140000
350 4 9129999
350 218 515
355 373 29690
355 4 39150000
355 150 39160000
355 146 204999999
355 17 737999995
355 218 2203
193 218 3382
193 150 60100000
193 4 59999999
271 150 20199999
271 4 20200000
271 218 1138
75 373 669
75 150 876100
75 218 49
306 4 418000007
306 373 317200
306 150 418100004
306 5 394300002
306 17 7910000021
306 15 1517999
306 218 23530
82 4 44100001
82 150 44200000
82 218 2492
242 373 268
242 4 354100
242 150 354999
158 5 612299981757
158 150 651200004078
158 218 36700001
158 4 651200012533
140 17 103350000
140 4 5478999
140 203 62189055884
140 218 307
140 15 19889
140 150 5479999
140 373 4155
140 86 13995999
140 5 5157000
329 4 72300001
329 218 4079
329 150 72199999
329 373 55130
95 136 218866273
95 247 4967709
95 118 8960573
95 218 3845
95 344 273000275
95 262 120729204
95 369 9922603
95 97 172294969
95 189 4889975
95 252 12953367
95 173 73980912
95 250 16733601
95 15 248200
95 4 68319998
95 86 174641985
95 206 7418397575317
95 300 748559032
95 373 51760
95 11 2704895887
95 150 68300000
128 150 17799999
128 4 17780000
128 373 13479
128 218 1000
146 305 3368137
146 173 20708220
146 149 66356999
146 252 3621876
146 189 1369863
146 250 4686035
146 15 69348
146 258 4128819
146 373 14476
146 300 209161263
146 11 751879691
146 55 13315579
146 206 2071251036166
146 86 48828124
146 355 48780487
146 37 135501355
146 118 2506265
146 150 19109497
146 203 216450220143
146 218 1075
146 53 79936050
146 234 1934984
146 136 61236986
146 247 1385041
146 4 19109497
146 97 48076922
146 369 2780094
146 262 33670033
146 109 62227754
146 356 244558
146 344 76103500
195 150 523000010
195 4 522000003
195 218 29459
262 17 1068000013
262 95 82699999
262 15 205299
262 218 3185
262 4 56569999
262 373 42859
262 81 883599995816
262 146 296000001
262 150 56570000
197 150 11649999
197 4 11649999
197 218 655
360 4 142899999
360 15 519999
360 218 8049
360 150 142900000
360 17 2719999983
360 5 134400000
360 373 108499
360 330 114800000
168 150 17240000
168 4 17240000
168 218 970
168 15 62600
201 150 35190000
201 4 35199999
201 218 1982
16 373 54
16 150 70499
16 4 70499
16 17 1334999
336 218 498
336 4 8839999
346 218 17968
346 4 319320002
346 150 319120002
346 17 6025000021
346 5 299999997
127 150 197099998
127 4 197099997
127 218 11120
102 17 3134000027
102 4 166089997
102 150 166110001
67 17 3189999987
67 218 9549
67 4 169499999
67 150 169499998
49 17 3185000
49 150 168899
49 4 168999
49 373 128
49 5 158900
83 218 5770
83 4 102499999
83 150 102499999
190 373 179900
190 150 236800005
190 218 13329
190 4 236800002
30 4 118099997
30 150 118199999
30 218 6649
30 373 89500
88 150 337000
88 218 17
88 4 337000
212 150 9950000
43 150 2235999
43 4 2236999
43 373 1707
43 218 124
227 150 19369999
227 218 1093
227 373 14689
254 17 1042999999
254 4 55200001
254 150 55200000
254 218 3113
254 15 200599
246 4 201800003
246 150 201699996
246 15 733000
173 112 5859999989
173 5 86610000
173 146 481600006
173 330 74159999
173 373 69829
173 95 134720000
173 15 334299
173 218 5185
173 4 92079999
173 81 1438199980908
173 150 92089999
173 17 1737599984
307 4 283000000
307 218 15979
307 150 282999998
368 15 1375999
368 218 21349
368 4 379100001
368 150 379400005
368 330 305000000
147 150 888000004
147 4 888999999
147 15 3228999
147 218 50030
53 15 85799
53 218 1339
53 146 124700000
53 4 23800000
53 150 23789999
118 95 1116000014
118 4 764999993
118 15 2780000
118 218 42999
118 81 11701000095105
118 17 14420000008
118 150 764000004
118 146 3989999934
118 373 579999
63 150 4473999
63 218 250
63 17 84500000
63 4 4476000
63 373 3390
299 4 90900000
299 150 91000000
299 218 5110
27 15 20710
27 218 320
27 4 5690000
27 150 5679999
327 150 676999986
327 218 38069
327 15 2442000
327 4 674999991
264 150 45922999
264 4 45931000
264 218 2587
243 150 7529999
243 373 5723
243 218 423
213 4 33980000
213 150 33979999
213 218 1916
213 17 640000002
228 218 1661
228 4 29499999
228 150 29399999
321 218 1798
321 4 31900000
321 150 32000000
321 81 498351990717
370 373 75713
370 15 362844
370 4 99930049
370 218 5622
370 150 99990002
76 373 35910
76 4 47299999
76 150 47300000
76 17 892999995
76 218 2664
76 15 172200
152 4 16500000
152 218 934
152 373 12570
124 218 468
124 15 30240
124 150 8329999
124 17 157399998
124 4 8330000
124 5 7840000
124 373 6319
149 146 150700001
149 218 1637
149 150 29129999
149 4 29059999
203 15 31
203 140 160399
203 146 45999
203 4 8800
203 5 8279
203 150 8799
69 218 46
69 4 843999
69 150 844000
276 218 2464
276 4 43639999
276 150 43660000
240 4 139200001
240 150 139199999
240 17 2628000004
240 218 7855
170 4 40900000
170 218 2305
170 15 148559
170 150 40899999
273 4 609000007
273 218 34300
273 15 2212000
273 150 609000002
273 5 572999995
273 373 461600
2 15 2660000
2 218 41200
2 150 731999995
2 17 13849999922
2 4 731999998
2 112 46600000692
2 373 556000
141 218 3416000
141 150 60400000026
141 4 60499999872
56 4 21670000
56 218 1219
178 150 13470000
178 373 10200
178 4 13460000
178 218 756
343 150 8139999
343 4 8129999
343 218 457
187 373 188
187 17 4719999
187 4 250000
187 81 3910000036
187 150 249000
90 4 8530000
90 150 8519999
90 218 479
111 218 3704
111 4 65800001
111 150 65900000
7 17 41919999
7 4 2220000
7 218 125
7 150 2220999
65 15 1158000
65 4 317800002
65 150 317899994
283 15 73359
283 17 381000003
283 150 20199999
283 4 20149999
283 373 15320
318 150 12160000
318 15 44250
318 4 12129999
318 218 681
318 373 9200
0 218 238
0 150 4239999
0 4 4240000
331 4 385499993
331 218 21700
331 150 386999998
331 373 292999
138 150 2495999
138 4 2496999
138 218 141
37 4 14070000
37 218 791
37 15 51060
37 17 265400000
37 150 14070000
37 146 73599999
37 5 13239999
37 330 11220000
107 150 510900
107 218 27
107 4 510100
309 150 57819999
309 218 3260
300 330 7335000
300 146 47669999
300 5 8580999
300 112 577499999
300 17 171800001
300 4 9111000
300 81 142499999074
300 206 990099024194
300 95 13319999
300 218 512
300 150 9111000
87 150 324000012
87 4 323999996
87 218 18240
164 150 2690000
164 4 2699999
164 218 152
291 150 429000006
291 4 428999997
291 218 24170
291 15 1559000
284 4 37400000
284 218 2109
284 150 37400000
284 373 28399
217 150 1839999
217 4 1830000
57 218 9509
57 4 168800002
57 150 168900001
177 150 244399998
177 4 244500000
177 218 13759
340 17 1887999977
340 15 361999
340 218 5610
340 373 75600
340 4 99700001
340 5 94099999
340 150 99599999
322 218 5353
322 15 347100
322 150 95199999
322 4 95200000
180 150 258800006
180 4 258699999
180 218 14549
239 4 2090000008
239 218 117499
239 150 2096000006
84 150 31599999
66 373 65100
66 4 85900001
66 150 85900000
66 218 4830
66 15 312999
130 4 1592999
130 150 1591999
130 17 30049999
130 218 89
328 4 394999998
328 150 395999995
328 218 22299
328 15 1437999
161 373 57890
161 150 76100000
161 218 4278
161 4 75999999
361 4 28800000
361 150 28900000
361 15 104699
361 218 1617
277 218 902
277 15 58200
277 150 16030000
277 4 16009999
196 150 3890000
196 4 3879999
196 218 219
179 218 755
179 150 13410000
179 373 10169
179 4 13419999
367 150 615600006
367 4 615499990
367 218 34700
326 218 844
326 150 14999999
326 4 15000000
280 150 279199
280 4 279000
50 373 17102
50 218 1271
50 150 22578460
270 150 1381999996
270 4 1381999974
270 218 77500
156 218 134
156 150 2418999
156 4 2418000
337 4 2900000045
337 150 2899999995
337 218 163099
186 373 3557000
186 150 4689999974
186 4 4679999923
186 218 263600
186 15 17029999
41 218 266
41 15 17369
41 150 4759999
41 4 4760000
216 150 13569999
216 4 13570000
216 218 764
216 15 49500
372 150 1689999992
372 4 1679999980
372 218 94800
225 4 63039
225 150 63059
225 17 1188999
113 218 2701
113 150 47799999
113 4 47799999
183 4 65700000
183 373 50000
183 150 65800000
183 218 3702
159 150 29629999
159 4 29590000
159 218 1665
207 150 39300000
207 4 39300000
207 218 2208
207 15 142799
42 150 30949999
42 4 30809999
42 218 1735
214 373 793999
214 4 1048000004
214 218 58900
214 15 3810000
214 150 1048000004
293 4 2147999
24 4 25389999
24 150 25370000
24 218 1430
19 373 59579
19 150 78000000
19 4 77800000
19 218 4380
362 17 25519999971
362 218 75570
362 15 4899999
362 150 1343999997
362 4 1342999987
288 150 17600000
288 4 17599999
288 218 991
184 4 598599
311 218 4325
311 15 278800
311 4 76699999
311 150 76800000
98 150 1297000001
29 373 918300
29 150 1211000006
29 218 68250
116 4 9289999
116 150 9289999
116 218 523
116 15 33899
80 373 25679
80 150 33810000
14 150 5377999947
14 4 5373000044
14 218 302800
339 150 7780000
339 4 7770000
339 218 436
110 150 259000001
110 4 259000000
110 218 14599
23 17 475999994
23 15 91199
23 218 1420
23 373 19159
23 150 25259999
23 4 25239999
231 4 4739999996
231 150 4730000099
231 218 266999
231 15 17299999
11 373 1917
11 146 13300000
11 5 2376999
11 17 47800000
11 4 2527999
11 150 2527999
11 15 9183
11 218 142
11 95 3696999
155 150 138880001
45 17 5780000
45 150 306199
45 4 306299
72 218 363
72 373 4912
72 150 6480000
72 4 6469999
301 15 434900
301 218 6705
301 150 119000000
301 4 119000000
224 218 1944
224 4 34599999
224 150 34649999
364 150 23030000
364 218 1292
198 150 193999999
258 146 2421999933
258 5 440289998
258 17 8740000008
258 4 463260000
258 150 463240011
258 218 26066
1 373 3697999
1 15 17749999
1 218 274099
1 4 4869999950
1 150 4874000001
51 218 70
51 15 4460
51 373 937
51 150 1235999
51 4 1235999
191 218 129
191 150 2312999
191 373 1755
324 218 26190
324 373 351399
324 150 465299996
324 4 464999996
3 218 1148
3 15 74459
3 150 20389999
3 4 20370000
185 373 181999
185 150 240000000
185 4 239900001
32 4 3459999
32 218 195
32 112 219999999
12 150 4868999
12 218 274
25 5 23350000
25 4 24760000
25 17 467900007
25 150 24769999
25 15 89999
25 218 1394
302 218 737
93 218 8877
93 150 157299998
93 4 157499999
341 218 1283
125 4 29199999
205 4 12940000
259 218 478
259 4 8499999
259 150 8500699
357 373 48499
357 15 234199
357 218 3611
357 4 64199999
357 150 64199999
220 218 1147
256 373 96000001
256 150 126332999645
89 150 523999993
21 373 4341
21 150 5727376
21 218 322
317 218 28710
317 4 509000008
317 150 510000003
211 218 296599
211 150 5279999945
211 4 5270000130
279 218 618999
279 15 39900000
279 150 10990000019
279 5 10340000003
279 4 10990000079
232 373 3205
232 4 4240000
232 218 238
232 150 4249999
62 4 318799999
188 218 81
188 4 1428999
143 4 3862099
210 4 662799
210 373 503
126 218 247100
126 15 15940000
126 4 4392000035
126 373 3328000
126 150 4393000006
126 5 4129000038
60 218 351900
60 15 22750000
60 373 4740000
60 4 6250000033
60 150 6259999886
122 373 1047
122 218 76
122 15 5020
122 150 1381999
122 17 26000000
122 4 1380999
129 15 68600
129 150 18809999
129 4 18800000
204 150 2558729
103 218 294
103 150 5219999
131 4 89030000
226 4 34500000
144 4 916000
144 218 51
133 4 7469999
133 218 422
238 373 477400
238 4 628999991
238 218 35500
238 150 629000002
44 4 6394
338 218 10222
338 150 181200002
338 4 181300001
169 218 1515
169 4 26900000
79 218 43930
79 4 782999993
79 150 779999992
325 218 48
325 4 841999
325 373 639
325 150 841999
70 4 3304999
70 218 185
267 252 71919999
255 218 1787
255 150 31800000
255 4 31700000
295 4 55499999
295 218 3122
295 150 55499999
145 218 964
145 15 62499
145 150 17150000
145 4 17159999
13 4 2424000
13 218 137
13 150 2431000
312 4 15459999
312 218 872
312 17 292000000
312 150 15449999
314 4 19699999
314 218 1111
314 150 19739999
253 218 224200
253 4 3982999978
253 150 3977999897
249 150 495000
249 15 1799
249 218 28
249 17 9349999
249 4 494999
40 150 550000
371 150 12090000
371 4 12100000
371 218 682
371 15 43999
296 218 46
296 150 846000
296 4 843999
148 15 27539999
148 150 7497999909
148 4 7498999990
48 4 2519999
48 15 9180
48 150 2530000
20 150 9540000
20 15 34700
20 218 534
20 4 9540000
157 15 602000
157 218 9380
157 150 165800000
157 4 165799997
157 17 3131999977
219 15 58999
219 218 912
219 4 16200000
219 150 16189999
171 4 23739
363 4 483999
363 81 7480000087
167 4 34700
167 150 34599
22 4 246999
22 150 247000
151 150 58440000
151 373 44229
160 4 3350000008
292 4 220900001
292 15 803000
292 218 12477
292 150 221000001
215 218 5089
215 4 90300001
215 150 90200000
85 4 255600
39 4 135509998187
163 150 4716999
163 4 4713999
163 15 17110
163 218 264
236 218 118699
236 4 2100000045
46 4 38599999
46 218 2169
46 15 141099
46 150 38699999
162 218 13179
162 150 233999997
320 150 1790000
10 218 32443
10 150 575400006
10 4 575299997
114 4 36650000024
114 150 36599999917
265 218 10339
265 4 182700001
265 150 182600000
303 4 308600000
233 4 3250000
233 150 3250000
233 218 183
278 4 16846
278 150 16855
74 150 11410000
74 4 11390000
74 218 641
64 150 18689999
64 218 1054
64 15 68000
64 4 18679999
349 4 3360000
154 4 15450000
237 150 3134000
237 4 3133999
237 218 176
281 4 288000
281 150 287999
275 4 24689999769
275 150 24719999886
275 218 1389999
172 4 1586999
172 150 1587999
172 218 89
304 150 164000001
304 4 164000000
304 15 596300
304 218 9225
200 150 2917
200 4 2916
209 150 2242999
209 218 125
209 4 2241000
120 4 128800000
120 17 2427999996
120 218 7260
120 15 470399
120 150 128899999
261 4 255999998
261 218 14439
261 150 257000000
31 4 31899999
31 218 1803
31 150 31900000
35 15 214100
35 4 58589999
35 17 1105999986
35 150 58609999
174 4 3439999999
174 150 3449999916
174 218 193199
272 150 115000001
272 15 418000
272 218 6470
272 4 114999999
61 150 3292999
61 218 185
61 4 3289000
121 150 49899999
121 218 2810
121 4 49800000
316 4 158300000
316 15 576999
316 218 8920
316 150 158200000
33 150 414499
33 4 414900
175 4 9330000015
221 4 1391999984
221 218 78399
221 150 1391999999
358 15 78800
358 218 1219
358 150 21639999
358 4 21599999
285 4 1108000004
319 218 551
319 4 9769999
319 150 9749999
308 218 2663
308 4 47319999
308 150 47330000
9 4 8250000
9 218 464
9 150 8239999
323 150 21274000
315 4 273199
315 150 273399
176 4 807999
241 4 133102
352 218 626
352 150 11099999
345 4 9490000
366 150 466000007
366 15 1682999
366 218 26260
58 218 534
139 218 295
68 150 4767000
