354 15 120600000000
354 17 15987000000
354 4 301560000000
354 150 726500000000
218 38 16188243
218 263 10602648
218 99 1466068
218 269 748201
218 153 678472
218 136 78795683
218 365 40956
218 247 13140589
218 222 110252482
218 94 725584
218 117 7039080
218 234 35143255
218 28 201943
218 137 209901
218 208 179386
218 100 2841993
218 290 1029263
218 193 757255
218 346 7987408
218 351 768750
218 83 1834974
218 108 2395000
218 368 14494079
218 53 1037620
218 360 45364049
218 27 2139180
218 289 10020724
218 228 1129019
218 321 19864061
218 150 2555110831
218 124 64654657
218 69 13900940
218 276 294782
218 273 73188403
218 2 4148016
218 111 2210021
218 0 6501190
218 88 164830595
218 57 282447
218 331 213744
218 322 3477603
218 118 1836382
218 329 250444
218 95 724649000
218 179 1437519
218 156 1856483
218 41 4312691
218 227 2246115
218 166 512282
218 119 1040010
218 63 3512405
218 37 12678780
218 311 8935766
218 8 177696
218 344 36659612
218 115 45630788
218 182 502409
218 7 473125
218 359 198000
218 72 5150153
218 301 4904876
218 224 1428110
218 364 13167963
218 191 2445763
218 324 214758
218 17 289961000
218 362 19853508
218 257 1073995
218 96 1363327
218 23 12793977
218 302 2612428
218 93 7111681
218 341 10615984
218 259 96725
218 54 1885841
218 340 3702275
218 135 4109390
218 220 82736272
218 56 562420
218 268 7944770
218 317 35937746
218 71 5349557
218 211 1731409
218 26 2994624
218 342 30152990
218 244 99599
218 279 2437621
218 24 345315
218 353 76859795
218 30 39319566
218 284 168800
218 356 259175542
218 195 70114
218 109 10749227
218 262 18047184
218 318 1070014
218 123 11373
218 126 5902456
218 140 66158776
218 309 9730628
218 60 6603791
218 116 12928286
218 103 2092100
218 106 1353279
218 67 70670
218 192 168878
218 270 890295
218 223 215528
218 338 443026
218 169 2735895
218 79 9363200
218 127 135664
218 132 1642402
218 197 1648881
218 4 40587
218 369 24334821
218 294 2265826
218 152 2264137
218 97 6454910
218 357 753054
218 145 472971
218 202 16590083
218 78 2676599
218 92 976591
218 253 2637245
218 328 2571660
218 250 60585802
218 59 257166219
218 296 3982121
218 15 400906211
218 52 57005
218 21 579000
218 104 1842792
218 164 97887
218 189 115470530
218 252 196625749
218 1 23816441
218 292 5649339
218 178 222558
218 201 52944
218 14 25998337
218 162 27024510
218 207 71036
218 158 10276
218 243 187010
218 146 149146000
218 183 10221707
218 101 15020249
218 173 87923773
218 91 15747374
218 180 1289413
218 238 956883
218 43 422283
218 312 433470
218 20 134103
218 305 4768133
218 5 350357271
218 110 866401
218 112 23639000
218 73 24471
218 297 160270
218 122 5023886
218 213 5472066
218 209 75978
218 121 562595
218 299 1331665
218 90 1914006
218 308 95904
218 168 1144345
218 147 8852548
218 138 163418
218 229 5443763
218 144 10200
218 46 83375
218 128 460000
218 42 571315
218 142 57750551
218 130 430477
218 337 326320
218 314 4783572
218 190 9338512
218 271 17710347
218 31 925781
218 274 10088
218 251 24612
218 291 241700
218 355 8995086
218 295 1227164
218 181 5802538
218 9 5842612
218 275 561560
218 25 3213474
218 61 178415
218 272 9301988
218 86 194133411
218 235 957111
218 120 385069
218 264 1703960
218 352 573416
218 55 174549
218 214 251304
218 19 200662
218 186 2276291
218 105 8262776
218 29 513379
218 221 770699
218 11 227767
218 230 13092033
218 161 53528
218 58 4607955
218 70 699770
218 66 1013381
218 6 492960
218 163 1184530
218 231 727041
218 361 5689686
218 371 976623
218 370 31569999
218 12 110824
218 139 175219387
218 306 13408060
218 300 59839095
218 237 1668756
218 216 4238783
218 373 3340266399
218 304 22702511
218 87 252477
218 258 34178924
218 76 424370
218 330 294688000
218 174 1531129
218 248 1201082
218 82 1422977
218 196 75194883
38 218 2565800000000
38 15 2128400000000
38 17 40950000000
38 5 3019773000000
38 4 96177780000000
38 373 3324400000000
38 150 14556600000000
15 354 79137999
15 38 261664770
15 5 4785000000
15 112 34700000
15 153 76629719
15 136 861018650
15 247 2425897080
15 4 407357000000
15 234 146929899
15 28 11210340
15 368 957424860
15 360 116877500
15 27 411588730
15 289 232321400
15 203 609981984
15 124 38545800
15 2 82414300
15 273 621189690
15 65 89560300
15 283 108666280
15 118 484565100
15 322 13724333
15 170 146328669
15 277 45279600
15 146 497600000
15 119 35173600
15 37 1687984669
15 311 444610360
15 344 1037984919
15 115 524326919
15 359 5960849
15 150 305056386702
15 370 72600000
15 96 356181600
15 330 681100000
15 340 72182800
15 373 9679300000
15 279 5266799
15 353 35646480
15 109 297949420
15 356 1423950420
15 262 965503600
15 318 141025400
15 126 38734200
15 140 3904755090
15 81 758200000
15 60 529863090
15 116 47379800
15 254 53078760
15 106 388846882
15 369 32362566
15 294 24393460
15 97 101062500
15 202 2576612000
15 145 509527700
15 59 7660600444
15 250 712437543
15 218 53321600000
15 157 175318300
15 219 144131100
15 252 5524931239
15 189 2488049700
15 1 10703250
15 292 295663400
15 207 489776970
15 95 1070900000
15 173 2813988590
15 20 5829600
15 249 244554977
15 122 49013750
15 168 120471400
15 64 330973400
15 147 16620190
15 108 20000000
15 48 73778799
15 274 52877212
15 291 7779410
15 181 373467400
15 25 707532560
15 272 205329800
15 86 1413424000
15 214 77963400
15 11 235187003
15 163 259169436
15 6 66359540
15 361 170295900
15 17 2902100000
15 231 37125800
15 371 467383300
15 306 1019181850
15 304 1978899422
15 216 1805546410
15 76 44005810
15 77 6446720
15 310 43812300
15 248 65471588
252 4 4062111000000
252 5 50063000000
252 146 4000000000
252 373 756000000
252 330 9823000000
252 150 1000156000000
252 267 57242115400
252 95 17790000000
252 15 622025000000
252 218 798828000000
4 252 20183973620000
4 119 1342863610000
4 77 127876658100
4 166 186082827700
4 52 571905139400
4 26 1001559999
4 287 70443150000
4 266 338569297000
4 248 532846530000
4 96 4658605670000
4 81 1317821523322
4 334 264640710000
4 347 203133110400
4 223 1853640000
4 335 2193772894390
4 251 3281437550000
4 54 393318079000
4 182 835131371500
4 105 1223548520000
4 117 151887550000
4 15 86667642360000
4 313 8951826000
4 91 715434750000
4 132 192085006000
4 356 84805164101000
4 97 1714210651000
4 106 695682823000
4 305 391725491999
4 310 53488149999
4 92 359054888000
4 36 79433354600
4 123 254861879000
4 306 2603412013000
4 82 856636550000
4 329 106537900000
4 369 6824112032000
4 360 757818479999
4 30 3146653760000
4 246 607651890000
4 118 2884757130000
4 299 203141770000
4 330 2368973350000
4 213 2122324640000
4 152 502086330000
4 240 180662395000
4 170 506533951000
4 273 10296064240000
4 56 9993129999
4 153 15299266341000
4 90 772095030000
4 140 21817054353500
4 254 310301279999
4 331 9426646025
4 365 1047045520000
4 37 7018189909999
4 346 658596988100
4 27 294369810000
4 284 109835660000
4 189 22851047840000
4 234 8996934206000
4 239 1193389999
4 99 1080697700000
4 130 671896136999
4 76 221476990000
4 328 138724460000
4 7 1158015384200
4 361 3573476369999
4 86 57306096450000
4 337 333787796000
4 225 471501265079
4 183 8165170980000
4 293 200972535640
4 108 137400000000
4 368 1508790884000
4 24 224173853000
4 184 605915731457
4 355 1692502120000
4 116 4462611620000
4 231 427319259999
4 195 58507829999
4 197 1317535562000
4 271 523087079999
4 128 531790175000
4 88 10783484895
4 49 756556864700
4 43 336799961917
4 201 591351514999
4 168 330927021999
4 127 1950510779999
4 257 1156036953000
4 286 3815304282799
4 135 1760788060000
4 333 230120934180
4 150 357389978750000
4 194 244020539000
4 244 141481038400
4 344 23604315830000
4 350 71622730000
4 353 1908948560000
4 6 396550980000
4 73 398513530000
4 199 76520429999
4 192 333278069999
4 101 1008541159000
4 229 10533900000
4 115 5100937645000
4 32 16063659999
4 71 807149320000
4 142 12539686990000
4 298 212425127420
4 289 561538126000
4 134 771900540000
4 297 470050017000
4 125 351324867000
4 351 617667565999
4 205 492103290000
4 104 1491024329999
4 282 1638940000
4 8 187205649999
4 78 4268618900000
4 332 405138343000
4 268 81498789000
4 359 531749909800
4 47 40136450000
4 34 80934524999
4 230 9337863729999
4 18 120956675000
4 288 12816144000
4 270 802663380000
4 372 3290952000
4 216 4407692760000
4 207 208792330000
4 42 164324265000
4 159 44510300000
4 110 917411910000
4 339 15106540000
4 14 5230014810999
4 274 793260282328
4 2 690678930000
4 260 10530164000
4 17 4846100000000
4 180 1074160750000
4 62 318742271999
4 143 821096872669
4 247 6696707240000
4 280 214769370700
4 367 327471836000
4 210 558615232500
4 196 1696439080000
4 318 622921349999
4 59 47304844276000
4 138 703883830000
4 107 222041972800
4 217 10496880000
4 177 188422840000
4 124 530471940000
4 87 1585956639000
4 291 73856640000
4 131 932674122500
4 164 149126400000
4 263 249097199999
4 264 34073878670
4 327 83828209999
4 226 395269960000
4 144 6644938799
4 133 6237449999
4 44 19100000000
4 147 3739197240000
4 193 403723139999
4 63 1005167108299
4 100 2711563240000
4 178 10886448000
4 70 12322564000
4 218 2431988787524700
4 16 120896901800
4 354 351618819999
4 79 718936664000
4 295 502425109999
4 112 894600000000
4 126 1114132110000
4 13 91450149100
4 312 1034156239999
4 321 132389660000
4 314 212342390000
4 67 239661069999
4 69 6358805142800
4 253 2351593856000
4 336 333158540000
4 181 5149804500000
4 48 192398472000
4 294 726350360000
4 25 554221005000
4 171 57439800815
4 363 10917622000
4 102 4953569767200
4 167 518081292400
4 238 355405370000
4 22 143806799000
4 202 8613170110000
4 160 292080700000
4 292 1216760910000
4 85 384564811365
4 39 2541850596000
4 317 7490944339999
4 242 499191073600
4 46 44677379999
4 11 1767633330000
4 114 150326740000
4 219 182025367000
4 325 2434536353000
4 224 44324140000
4 303 208260081000
4 83 316890572999
4 357 217424419999
4 66 892127899999
4 233 115439999999
4 203 947804111699
4 278 4762161166485
4 349 437132020000
4 154 94122670000
4 1 2674384556000
4 281 7424928000
4 232 36622850000
4 275 99145040000
4 172 7148697999
4 38 2011032269599
4 262 5168381070000
4 120 1148803561000
4 261 2506240000
4 300 35049993108999
4 340 3986541599999
4 95 18875239110000
4 109 1005768029000
4 228 102887050000
4 250 18246759288999
4 31 1064933522999
4 187 158139750000
4 136 30008174005000
4 174 15579759999
4 265 132432379999
4 258 4091013587100
4 316 96057340000
4 53 2417909143000
4 276 5211511070000
4 55 1472548493899
4 175 17911930000
4 221 265781869999
4 348 2464545981000
4 173 41333066604999
4 285 3866919999
4 214 328937099999
4 60 2686467500000
4 65 13835482830000
4 311 955016640000
4 308 2042695380000
4 319 257086200000
4 269 46504579199
4 9 3237714671000
4 259 583709916200
4 111 197158000999
4 57 91232370000
4 206 9740128707922
4 146 389572722915
4 315 22974207600
4 35 462632130000
4 28 1004324689500
4 215 107346401999
4 93 64675619999
4 74 61061440000
4 64 1575988649000
4 156 26623920400
4 304 13768928680000
4 237 934530274000
4 211 58649830000
4 3 893516839999
4 5 3302619947603
4 163 126410245800
4 19 61989475999
4 10 276390650000
4 301 576417407599
4 338 736461943000
4 190 721000560000
4 326 421585410000
4 186 87667940000
4 176 371360273450
4 129 584543644000
4 255 86787569999
4 20 306813730000
4 208 28039869999
4 370 21044660000000
4 94 1517448880000
4 277 22280069999
4 373 238381606167500
4 241 16790000000
4 45 1467738617999
4 158 687218307000
4 41 1797482179999
4 236 59534349999
4 249 118842449
4 371 1751505149999
4 157 687128920000
4 23 1583858299999
4 345 198775160400
4 145 1118678159999
4 72 2624507960000
4 141 635896720000
4 137 3788398230000
4 0 826233770000
4 169 1755437679999
4 161 873656970000
4 358 109766802999
4 165 29208270000
4 279 3260058270000
4 179 30181579999
4 283 980742550999
4 324 7997065740000
4 122 1063134801900
4 121 359319919000
4 185 201901528260
4 362 680355290000
4 33 19593955703100
4 113 518787200000
4 290 191163621000
4 51 618635513700
4 296 11714584960
4 200 481764400154
4 209 404658063700
4 322 3260802436000
4 272 14512973599999
4 235 684537140000
4 61 348367353000
4 148 10051679999
86 373 1817000000000
86 330 627000000000
86 4 228714700000000
86 81 50580000000
86 5 2781500000000
86 112 7500000000
86 146 59900000000
86 150 110185400000000
86 17 152000000000
86 140 368914628200
86 95 2701900000000
86 15 1673200000000
86 218 10759500000000
373 86 170762540
373 235 1717799
373 348 2620018
373 355 6057560
373 34 50007669
373 370 66369999
373 76 1520488
373 187 1507464
373 306 23177169
373 330 1038260000
373 332 22771871
373 214 3124350
373 80 8956860
373 11 5983503
373 173 143905570
373 91 590850
373 189 142173343
373 252 8811222
373 146 129040000
373 185 5156060
373 202 183666320
373 256 5270645684
373 15 1940298040
373 250 39184950
373 59 236546128
373 122 30253404
373 112 1730000
373 5 897020000
373 238 55880985
373 340 1293769
373 96 2340794
373 150 60489430000
373 23 5347727
373 151 1326899
373 51 7427084
373 324 15212106
373 191 2196136
373 344 39002302
373 115 2974064
373 17 930240000
373 359 3262636
373 325 35638580
373 369 190277217
373 294 8885728
373 152 34750200
373 97 3915599
373 140 168241664
373 60 36438360
373 262 951491
373 318 74892684
373 126 655948
373 49 2658048
373 81 25110000
373 356 195626870
373 30 617550
373 353 528098173
373 137 101037455
373 100 1422899
373 234 83834618
373 108 29020000
373 290 13984269
373 365 7690080
373 247 28035840
373 153 102272741
373 136 58012332
373 4 110932
373 335 15329599
373 38 25039716
373 119 20717340
373 227 27573130
373 95 1830630000
373 63 1177686
373 118 8636200
373 283 7456155
373 218 16001180000
373 360 16822165
373 289 20298782
373 273 17101521
373 2 7455960
373 124 30247520
202 373 1000000000
202 15 4606000000
202 218 17562000000
202 4 197557000000
202 150 93715000000
5 250 11976986999
5 59 186267359000
5 15 1126624820000
5 189 127986600000
5 252 18814950000
5 158 16752528000
5 173 36690531999
5 86 652183870000
5 11 9508000000
5 230 23308280000
5 300 236662426000
5 373 2362270807400
5 38 32643986190
5 136 80127103999
5 247 123888010000
5 234 630401516
5 150 2692900000000
5 100 13895070000
5 360 16128000000
5 124 164508250000
5 203 137968018359
5 218 13464121845380
5 344 42008280000
5 4 3435342248139
5 279 1426920000
5 356 721893242000
5 109 154738258000
5 126 39148520000
5 369 24782739000
199 218 20400000000
199 4 484700000000
119 4 606410000000
119 218 6290000000
119 15 33010000000
119 150 121350000000
77 4 3399380000000
77 150 320650000000
77 218 740050000000
77 15 159620000000
8 218 1400000000
8 4 271200000000
150 8 44173670000
150 282 14445769999
150 78 2783073950000
150 297 185293460999
150 134 153561940000
150 351 142220592000
150 104 123938538000
150 230 2583941530000
150 34 74859226000
150 18 113470591999
150 332 672502601000
150 268 4449580000
150 359 44684547000
150 192 62228300000
150 101 130976831999
150 289 143913562000
150 298 6604081279
150 229 15571710000
150 115 782788174000
150 342 2181772127999
150 71 2424012130000
150 142 7565214860000
150 333 35441853232
150 194 129161530000
150 286 95017132100
150 257 322176683000
150 135 2388061380000
150 108 6800000000
150 353 2260658319999
150 6 44242400000
150 244 6787496100
150 344 4674016830000
150 350 70402489999
150 271 101927179999
150 197 116697253999
150 168 11035900000
150 201 545404618999
150 127 858647910000
150 88 76885875999
150 212 395099020000
150 49 80648770930
150 43 174617862000
150 227 93739720000
150 147 340377680000
150 63 634943643800
150 263 549912950000
150 264 91981360929
150 243 337032178000
150 218 1480565258694640
150 16 3109613999
150 100 761139760000
150 343 24745600000
150 81 9618730000000
150 318 638383940000
150 59 51286310713000
150 138 98170715000
150 107 171913791700
150 309 2601726040000
150 87 962736377000
150 164 41413420000
150 217 73220224000
150 177 41579790000
150 124 1049618600000
150 180 251996540000
150 84 2290019920000
150 2 65787349999
150 260 1080670000
150 222 1114482600
150 196 1143888330000
150 247 4959953120000
150 367 20376030999
150 280 195621566200
150 270 282643710000
150 216 1718855917000
150 207 783408810000
150 288 9288928000
150 274 421118289100
150 98 580011453000
150 14 2247951464000
150 339 19994599999
150 110 189305760000
150 155 1727702024100
150 369 2184666647000
150 360 2177437570000
150 306 385333330000
150 82 64344959999
150 329 9934720000
150 30 175963060000
150 17 1069359660389
150 246 271072369999
150 307 5119470000
150 91 104599490000
150 364 25598840000
150 198 4906151030000
150 97 869535952000
150 356 5686214582999
150 117 130764649999
150 15 64740356259999
150 4 5433619700000000
150 310 91508099999
150 92 401683106999
150 123 277528298000
150 106 482794318000
150 305 490995522999
150 335 1055699029770
150 251 1703515389999
150 248 221194945000
150 266 162988079000
150 96 1079008609999
150 334 42177370000
150 54 446025951999
150 182 305475400800
150 105 393002660000
150 12 253098166000
150 166 82637477900
150 252 3084049609999
150 77 98572503400
150 119 114894330000
150 256 1523173078000
150 89 48222030000
150 52 115492183000
150 24 191140013999
150 368 466468074000
150 337 101664216000
150 225 22691522780
150 183 2209993649999
150 116 2268271220000
150 231 368117460000
150 355 85876200000
150 328 5615280000
150 7 48958929300
150 75 11207947300
150 99 46083840000
150 76 88632900000
150 130 323867634000
150 86 19169019979999
150 361 1520530470000
150 254 52342959999
150 331 3870000000
150 37 1301645470000
150 346 26400689500
150 90 647479010000
150 140 2761167291200
150 204 1866436953534
150 234 2352388047000
150 27 195345320000
150 189 16995496769999
150 330 547674500000
150 213 1366665140000
150 118 274330570000
150 299 33497100000
150 170 425761050999
150 240 8009924000
150 191 76916316999
150 273 885766980000
150 153 3810357243000
150 158 366359304000
150 45 782975864969
150 103 678621091000
150 249 19606256999
150 371 773853109999
150 41 394190230000
150 21 104900000000
150 326 481246480000
150 186 19102370000
150 129 74643729000
150 20 128620280000
150 338 134650511000
150 190 158465390000
150 373 149719984269300
150 151 234207830000
150 94 185747140000
150 3 74413000999
150 5 1695934650383
150 163 1049532499
150 146 372600000000
150 320 3429196600699
150 301 397435565200
150 10 1000048000000
150 156 26138544300
150 93 109588640000
150 64 202435704000
150 237 278248849000
150 162 428179929999
150 304 3875926119000
150 290 310516846000
150 51 64574894000
150 200 136638074620
150 209 67510799699
150 148 54581359999
150 322 264076899999
150 272 499425559999
150 61 515438629000
150 235 855160380000
150 121 70666158999
150 185 26866816000
150 362 11822550000
150 33 31391864677600
150 283 83294688000
150 179 6262470000
150 29 258127497000
150 122 234880352199
150 324 297632280000
150 113 1003800000
150 112 57000000000
150 279 39512370000
150 358 94351308000
150 161 36204390000
150 165 61197439999
150 145 666534800000
150 72 940119180000
150 157 219236440000
150 23 1770616690000
150 0 105655710000
150 323 646172807800
150 141 60400000000
150 137 1284620460000
150 80 848369950000
150 66 158758560000
150 233 1839500000
150 278 10890609986527
150 203 241682205489
150 83 40690597000
150 357 71999480000
150 281 19999872000
150 275 139100360000
150 232 187132600000
150 1 230983697000
150 317 6053243089999
150 46 371177207000
150 242 117075467600
150 292 5238780000
150 202 3020547319999
150 325 149921127100
150 219 31810243000
150 114 378518320000
150 11 877670523999
150 25 18150221000
150 48 58821994000
150 294 103662770000
150 22 84204029000
150 102 2489614169400
150 167 1108794269600
150 238 244751289999
150 126 243672680000
150 13 53718502399
150 312 299085583000
150 321 447502649999
150 295 213106680000
150 79 576061861000
150 354 17333719999
150 181 955101280000
150 314 457507339999
150 67 13932900000
150 69 8627749825800
150 253 216500904000
150 259 314877483800
150 111 64374415000
150 57 73082470000
150 315 19999756800
150 35 353049510000
150 28 100921734400
150 215 57165283000
150 206 4232914112629
150 366 78134220000
150 308 536095510000
150 319 30843489999
150 269 15594061699
150 60 771348940000
150 65 3440078429999
150 311 271206430000
150 352 260542200000
150 9 420419160000
150 50 24600000000
150 276 5640372693000
150 55 755006152200
150 221 48142510000
150 348 4093955648000
150 173 12454198938000
150 258 3907061017900
150 316 26894000000
150 53 254586258000
150 214 13976640000
150 120 20893056000
150 261 1007439999
150 300 11988837464000
150 370 43037040000000
150 38 81334147100
150 262 1301721449999
150 136 14796108010999
150 68 266997768250
150 265 26940160000
150 95 8252578050000
150 340 182706180000
150 109 2228814000
150 250 7260251080999
150 228 78902790000
150 31 765126903999
150 187 492254537000
282 150 2950600000000
282 4 998900000000
235 150 1240000000000
235 17 14000000000
235 218 404200000000
235 4 2935800000000
263 218 364500000000
263 150 1300400000000
263 4 3675700000000
78 150 39225200000
78 4 136424300000
78 218 453200000
297 150 720860000000
297 4 18710000000
134 150 251030000000
134 4 318720000000
99 4 5209200000000
99 150 22000000000
348 373 57345000000000
348 4 1286586400000000
348 150 789181600000000
335 4 289911740000000
335 150 98198170000000
335 17 95621100000000
351 150 6814000000
351 4 1426312000000
104 4 5566600000000
166 4 2245004000000
166 218 633272000000
166 150 2259681000000
230 150 1269070000000
230 373 3540000000
230 4 2470920000000
230 5 13880000000
230 17 323800000
230 218 317880000000
34 150 247240000000
34 373 137300000000
34 4 307240000000
250 5 17836000000
250 146 4124000000
250 330 45629000000
250 373 1058900000
250 218 317012000000
250 15 5810500000
250 95 18989000000
250 4 4417561000000
250 17 270068100000
250 150 1908966999999
59 5 2411100000000
59 150 327542100000000
59 373 3955460000000
59 4 283658800000000
59 15 15535500000000
59 218 29381200000000
59 17 125024003000000
109 17 316590000000
109 218 1730000000
109 4 1024060000000
109 5 76790000000
109 150 114790000000
17 109 2910371279999
17 244 2855640010000
17 97 3120226780000
17 369 1177778700000
17 140 1219093260000
17 262 10156081200000
17 102 9215786500000
17 67 259346999999
17 49 911300894000
17 7 377354198399
17 182 27307272426000
17 115 20021783820000
17 344 20338928314000
17 96 3892439170000
17 23 14559195199999
17 283 2994659999
17 150 121418258999999
17 45 3433708279999
17 2 100274000000
17 218 112495337527000
17 124 698996799999
17 37 30445873199999
17 63 713830650000
17 118 1705875900000
17 247 12444258200000
17 136 7479039900000
17 335 7109343287500
17 4 111892608000000
17 354 1503515700000
17 269 1575610660000
17 346 16966105280000
17 100 4471889300000
17 28 16526880000
17 234 1330885489999
17 230 216697404000
17 11 87373620000
17 76 828984130000
17 187 8020693810000
17 225 1701546735000
17 300 47358986100000
17 306 127619940000
17 258 7438599699999
17 373 5702127739999
17 355 2151055100000
17 130 8964883650000
17 206 18961129109351
17 235 80077500000
17 240 2142836950000
17 55 801185540000
17 120 13430439999
17 181 116399000000
17 333 572799076445
17 213 3302413499999
17 249 7499682520000
17 122 220799800000
17 312 889500426000
17 35 7794436549999
17 305 26820723419999
17 142 34425984650000
17 157 1574824040000
17 202 639046560000
17 15 36237286200000
17 59 282699290990000
17 250 31144823450000
17 173 5396389290000
17 252 1140247300000
17 189 9462619200000
206 5 1584237100000000
206 146 440342700000000
206 17 100569687200000000
206 4 369325081900000000
206 95 2297829000000000
206 300 1668488100000000
206 150 163323461200000000
330 206 2650548391
330 86 255716060000
330 4 616720000000
330 373 1473255832200
330 173 14891327999
330 189 30115860000
330 15 4055279999
330 250 619404622000
330 150 866479999999
330 369 50722030000
330 247 15844400000
330 218 4432799154480
55 4 2399879500000
55 17 237136299999
55 218 825400000
55 150 951432500000
18 150 24852500000000
18 4 1726600000000
52 4 2343800000
52 150 846400000
52 218 130200000
332 150 36198190000000
332 4 8037700000000
268 150 18050000000
268 4 192850000000
268 218 130050000000
269 218 5443000000
269 17 1912000000
269 5 4301000000
269 4 45270000000
269 150 1831259
112 15 4676614217000
112 300 1149434400000
112 373 75301209999
112 4 19441217000000
112 218 23835453979000
112 150 2913711999999
112 344 923886600000
112 356 999412370000
359 150 2016170000000
359 17 889060000000
359 218 3263200000000
359 15 73500000000
359 4 37130500000000
359 373 199200000000
287 4 532100000000
47 4 3949800000000
153 218 25991000000
153 15 24390000000
153 4 17165854000000
153 150 5672549000000
153 373 635896000000
266 4 3854106000000
266 150 199135000000
266 218 15022999999
248 4 273769999999
248 150 47290000000
248 218 1270000000
96 4 10398400000000
96 17 1935550000000
96 150 3006700000000
96 218 184300000000
96 15 243900000000
96 373 589970000000
192 150 25895000000
192 4 50645000000
192 218 23287000000
181 373 5233000000
181 4 1861097000000
181 17 364500000
181 218 33308999999
181 150 497955000000
81 4 46185642440000008
81 150 7149542400000000
81 344 83557530000000
81 359 188163600000000
81 86 470326090000000
81 15 131750809999999
81 373 599884346000000
81 300 5048967000000000
81 262 2041116000000
81 136 33230119999999
81 187 289003740000000
81 173 231370890000000
81 321 1423188724000000
81 363 142116160000000
136 218 2141940000000
136 15 524250000000
136 95 2757620000000
136 17 419000000000
136 5 661930000000
136 4 34521970000000
136 146 6120000000
136 81 13010000000
136 373 567920000000
136 330 399990000000
136 150 35609850000000
334 4 153930000000
334 150 383690000000
347 4 4940800000000
101 150 1526400000000
101 4 126872100000000
223 4 136233932
223 218 304000000
73 150 27589999999
73 4 492439999999
73 15 9640000000
247 15 9212000000
247 218 14703000000
247 95 1242000000
247 150 3951601500
247 17 10440000000
247 4 455928000000
247 5 8939000000
247 146 3315000000
247 373 3445000000
247 330 600000000
365 218 1630000000
365 4 329430000000
251 4 261059999
251 150 768900000
251 15 15100000
251 218 98780000
222 218 141902000
289 150 432800000000
289 4 2269300000000
289 373 1441950000000
298 150 10245413000000
298 4 157053463000000
54 4 757518000000
54 150 362502000000
54 218 219510000000
229 150 18600000000
229 4 338100000000
229 218 644600000000
94 218 91400000000
94 150 420600000000
94 4 4783900000000
182 4 101409000000
182 17 144885000000
182 218 13175000000
182 150 7325000000
115 150 201187000000
115 17 316959900000
115 218 192650000000
115 15 73800000000
115 4 1006946999999
105 4 1411400000
105 150 1710500000
105 218 4853100000
244 17 3310600000000
244 150 235560000000
244 4 5142440000000
244 218 48000000000
342 150 84052700000000
342 218 559700000000
71 150 2384100000000
71 4 2640900000000
71 218 97170000000
117 218 620000000
117 4 154020000000
117 150 59160000000
142 150 2296300000000
142 4 5445000000000
142 218 299300000000
142 17 552712000000
333 150 35246691000000000
333 4 25338750100000000
333 17 54987073900000000
274 150 5028710000000
274 4 141998660000000
274 15 632600000000
274 218 6258270000000
189 5 3556000000
189 4 819036000000
189 146 596000000
189 373 6797199999
189 81 51930000
189 330 7662000000
189 150 556994000000
189 95 1222400000
189 218 146640000000
189 15 9032000000
189 17 43571000000
234 15 7314000000
234 218 219096000000
234 4 803651000000
234 150 145152667283
234 17 30466100000
234 373 67029200000
194 150 71591600000000
194 4 201771900000000
313 4 148500000000
28 218 98700000000
28 17 384000000000
28 4 19665910000000
28 150 1896690000000
165 218 400000000
165 150 12390000000
165 4 44880000000
91 4 4236400000000
91 373 57100000000
91 150 1350900000000
91 218 57100000000
286 150 52274430000000
286 4 783129480000000
257 150 3203500000000
257 4 15314300000000
257 218 655300000000
135 150 4384700000000
135 4 17465000000000
135 218 638800000000
137 218 26089999999
137 150 971850000000
137 373 221830000000
137 4 2989090000000
132 4 3246000000
208 218 18500000000
208 4 146100000000
356 4 423051000000
356 150 72552800000
356 218 22932300000
356 15 224000000
356 330 198700000
356 373 274600000
356 146 17100000
356 5 2375400000
100 150 5541300000000
100 17 10042700000000
100 4 25077900000000
100 5 16700000000
100 373 9700000000
97 4 3969380000000
97 17 26195999999
97 150 1273920000000
97 15 13990000000
97 218 143670000000
97 373 8000000000
106 4 4474673000000
106 150 418897999999
106 218 1396279000000
108 150 1038631000000
108 218 2320537104000
108 4 6576607000000
108 15 264870799999
108 373 363188000000
294 218 154200000000
294 15 6380000000
294 4 106580000000
294 373 2000000000
294 150 67270000000
353 150 19200700000
353 4 63686900000
353 218 142607700000
353 15 1167400000
353 373 865000000
305 4 2867196965
305 150 3059000000
305 218 6024000000
305 17 226734000000
369 17 4196000000
369 4 1572572000000
369 150 879387000000
369 95 6880000000
369 218 87811000000
369 373 22714000000
369 146 622000000
369 5 5256000000
6 150 141800000000
6 4 3861800000000
6 218 212400000000
6 15 79200000000
310 4 148130000000
310 150 28580000000
92 4 1183462000000
92 150 405678000000
92 218 86540000000
290 218 61300000000
290 150 902770000000
290 373 156500000000
290 4 17690000000
36 4 27678100000000
344 150 12426300000000
344 17 864317000000
344 81 22010000000
344 15 884600000000
344 218 4522700000000
344 4 98791500000000
344 95 11400000000
344 373 52720000000
344 5 25900000000
344 146 301610000000
123 4 601950000000
123 150 2062480000000
350 150 1229100000000
350 4 258800000000
350 218 17100000000
355 373 10100000000
355 4 1706800000000
355 150 383700000000
355 17 21270000000
355 218 37700000000
193 218 80920000000
193 150 482120000000
193 4 1017170000000
271 150 186350000000
271 4 1473920000000
271 218 117050000000
75 373 74600000000
75 218 1042800000000
306 4 319516000000
306 150 48611000000
306 5 7511000000
306 15 27347000000
306 218 211312000000
82 4 50230000000
82 150 32389999999
242 4 919900000000
242 150 35175600000000
158 150 8640000
158 4 100426000
140 17 2358000000000
140 4 329038850000000
140 203 404663500900
140 218 10015900000000
140 15 10469500000000
140 150 40669540000000
140 373 5076000000000
140 86 550490000000
140 5 583600000000
329 4 111320000000
329 218 12400000000
95 136 209648029000
95 247 63326390000
95 218 25349371911110
95 344 73066860000
95 262 37465100000
95 369 29222220000
95 97 15102008000
95 189 389616609000
95 173 125448675000
95 250 228169062000
95 15 1037187870000
95 4 5546200000000
95 86 1142301300000
95 206 88956117758
95 300 251736710000
95 373 5844994475400
95 11 7235029000
95 150 12870900000000
128 4 1927630000000
146 173 289874160000
146 252 65537889999
146 189 1817500000
146 250 21330669999
146 15 389638500000
146 258 4940880000
146 373 1797535315299
146 300 21689850000
146 206 13006958111
146 86 516296000000
146 355 360759000000
146 37 52550400000
146 150 3296267080000
146 203 408963493000
146 218 13879958893999
146 53 91898459999
146 136 134282410000
146 247 293921300000
146 4 15963538079999
146 262 16567120000
146 356 310860150000
146 344 351932469999
195 150 33022000000
195 4 33089999999
262 17 72590000000
262 95 86100000000
262 15 31400000000
262 218 725100000000
262 4 7740800000000
262 373 98300000000
262 146 1009000000
262 150 1600700000000
197 150 1103680000000
197 4 7407210000000
197 218 560930000000
360 4 965900000000
360 15 20790000000
360 150 2259120000000
360 5 34950000000
168 150 234210000000
168 4 2761050000000
168 218 126530000000
168 15 84240000000
201 150 3073330000000
201 4 2562620000000
201 218 9460000000
16 150 210612300000000
16 4 13749900000000
336 4 4132000000000
346 4 76384000000
346 150 52679000000
346 17 203097000000
346 5 12735000000
127 150 483089999999
127 4 671660000000
102 17 80250000000
102 4 882202000000
102 150 792125000000
67 17 9193000000
67 4 18570000000
49 17 7524200000000
49 4 317315900000000
83 218 24304000000
83 4 322889000000
83 150 34569000000
190 373 6580000000
190 150 29970000000
190 218 34350000000
190 4 213980000000
30 4 361790000000
30 150 3390000000
30 218 57000000000
30 373 56400000000
88 150 112835700000000
88 218 10666400000000
88 4 47793900000000
212 150 1876300000000
43 150 9057700000000
43 4 18988100000000
43 373 45299824398
43 218 327500000000
227 150 1000000000000
227 218 124800000000
254 17 40818000000
254 4 413180000000
254 150 65660000000
254 218 4179999999
254 15 4680000000
246 4 379350000000
246 150 274560000000
173 5 65529999999
173 146 80050000000
173 373 37510000000
173 95 276390000000
173 15 274150000000
173 218 2064690000000
173 4 51209790000000
173 81 3450000000
173 150 18748540000000
173 17 42360000000
307 4 26970999999
307 150 44807000000
368 15 7498000000
368 218 8413000000
368 4 367717000000
368 150 139309000000
147 150 7309999999
147 4 4844000000
147 218 220000000
53 218 11090000000
53 146 194860000000
53 4 2116309999999
53 150 1826970000000
118 4 478133957
118 15 1477000000
118 218 17510000000
118 17 2139000000
118 150 57392999999
63 150 11641970000000
63 218 433400000000
63 17 200720000000
63 4 22353860000000
299 4 119359999999
299 150 62290000000
299 218 131820000000
27 15 767700000000
27 4 2715900000000
27 150 1848500000000
327 218 486000000
327 4 150324000000
264 150 484622999999
264 4 647260000000
264 218 106801000000
243 150 4246600000000
243 218 178300000000
213 4 3739900000000
213 150 2169000000000
213 218 493000000000
213 17 770470000000
228 4 3370000000
228 150 262160000000
321 218 1821220000000
321 4 12433190000000
321 150 3973960000000
321 81 145090000000
370 373 475525286500
370 4 41708480521000
370 218 836390237720
370 150 8015988321000
76 373 108270000000
76 4 414089999999
76 150 60690000000
76 17 145906000000
76 218 11140000000
76 15 38020000000
152 4 1168500000000
152 218 245200000000
152 373 868100000000
124 218 10978400000000
124 15 74100000000
124 150 7975700000000
124 17 115800000000
124 4 27549900000000
124 5 1625700000000
124 373 239300000000
149 218 34300000000
149 4 505800000000
203 140 522806930000000
203 146 260840300000000
203 4 14231090000000000
203 5 1606463400000000
203 150 3988791700000000
69 218 40531100000000
69 4 674702940000000
69 150 731125690000000
276 218 253610000000
276 4 7845810000000
276 150 8623839999999
240 4 1194055000000
240 150 177476000000
240 17 96316000000
240 218 128000000
170 4 1836670000000
170 218 129270000000
170 15 1180750000000
170 150 1545190000000
273 4 124204000000
273 218 78761000000
273 15 2158000000
273 150 25699000000
273 5 60115000000
2 15 2232000000
2 218 1987000000
2 150 5569000000
2 4 225156000000
2 112 42700000
2 373 750000000
141 150 71940000
141 4 2354960000
56 4 361800000000
178 4 286730000000
178 218 1700000000
343 4 482400000000
343 218 29000000000
187 373 68445800000000
187 17 65503200000000
187 4 232425200000000
187 81 467800000000
187 150 382909700000000
90 4 1814900000000
90 150 1399900000000
90 218 112900000000
111 218 150870000000
111 4 1168438000000
111 150 145141000000
7 17 3441716000000
7 4 49317610000000
7 218 451000000000
7 150 567310000000
65 15 21170000000
65 4 3557180000000
65 150 1021390000000
283 15 168270000000
283 17 715046000000
283 150 251760000000
283 4 179680000000
283 373 221192999999
318 150 1494500000000
318 15 369600000000
318 4 25092000000000
318 218 331100000000
318 373 775130000000
0 218 5678600000000
0 150 2632700000000
0 4 12294600000000
331 4 40602000000
331 218 1552000000
138 150 1041300000000
138 4 41268200000000
138 218 709300000000
37 4 18930700000000
37 218 61800000000
37 15 763000000000
37 17 7013800000000
37 150 9040000000000
37 146 4000000000
37 5 2682100000000
107 150 28886200000000
107 4 33580000000000
309 150 3249700000000
309 218 34500000000
300 330 951000000000
300 146 168200000000
300 5 240100000000
300 17 12960100000000
300 4 367032000000000
300 81 145700000000
300 206 112054700390
300 95 252000000000
300 218 1128300000000
300 150 99804000000000
87 150 30683600000
87 4 185529900000
87 218 54400000
164 150 70000000000
164 4 95600000000
291 4 234000000
291 218 125000000
284 4 64000000000
284 218 80810000000
217 150 54340000000
217 4 6089310000000
57 218 800000000
57 4 53510000000
57 150 49400000000
177 150 29039999999
177 4 24600000000
177 218 980000000
340 15 34170000000
340 218 141990000000
340 373 42020000000
340 4 2187770000000
340 150 73410000000
322 218 204527000000
322 15 19248000000
322 150 97054000000
322 4 2163928000000
180 150 87530000000
180 4 156000000000
180 218 70000000
239 4 1881800000
84 150 5725900000000
66 4 2659480000000
66 150 265810000000
66 218 39600000000
130 4 112718600000000
130 150 41365800000000
130 17 21448700000000
130 218 11693600000000
328 4 22720000000
161 150 8570000000
161 218 36150000000
161 4 485680000000
361 4 6497290000000
361 150 4692650000000
361 218 142870000000
277 218 12600000000
277 15 13700000000
277 4 131800000000
196 150 10866100000000
196 4 8443600000000
196 218 1677200000000
179 218 207400000000
179 150 35800000000
179 373 128900000000
179 4 115900000000
367 150 20422000000
367 4 26027000000
326 218 618200000000
326 150 5381500000000
326 4 2288200000000
280 150 49856300000000
280 4 114361900000000
270 150 39086000000
270 4 164638000000
270 218 2329000000
156 150 82580000000
156 4 3274760000000
337 4 6093300000
337 150 400000000
186 373 50000000
186 150 804400000
186 4 19223600000
186 218 2034100000
41 218 748200000000
41 15 1324800000000
41 150 11657000000000
41 4 104900600000000
216 150 4607480000000
216 4 15083360000000
216 218 18960000000
216 15 11550000000
225 4 544731700000000
225 150 32892900000000
225 17 108778000000000
113 218 400000000
113 150 4220000000
113 4 34500000000
183 4 19488590000000
183 373 489001000000
183 150 10240590000000
183 218 1661109999999
159 4 258900000000
159 218 77700000000
207 150 680800000000
207 4 747260000000
207 218 199990000000
207 15 792810000000
42 4 505610000000
42 218 565830000000
214 373 537000000
214 4 56970000000
214 218 22035000000
214 15 2496000000
214 150 1836000000
293 4 7760909000000
24 4 60590000000
24 150 600740000000
19 150 1682000000
19 4 155770000000
362 150 2729000000
362 4 33407000000
288 150 39972000000
288 4 29920000000
288 218 9937000000
184 4 56175813000000
311 218 269560000000
311 15 75380000000
311 4 143400000000
311 150 12980000000
98 150 22260600000
29 218 178000000
116 4 63822000000000
116 150 27328500000000
116 218 11043000000000
116 15 3671300000000
80 373 172200000000
80 150 1805300000000
14 150 9342300000
14 4 75773600000
14 218 1011000000
339 150 106400000000
110 150 386000000
110 4 1504000000
110 218 17308000000
23 17 3790050000000
23 218 411500000000
23 373 6100000000
23 150 545900000000
23 4 5296700000000
231 4 10637600000
231 150 1959000000
231 218 4900000
11 146 85970000000
11 5 2179600000000
11 17 208760000000
11 4 92264700000000
11 150 52484700000000
11 15 1309900000000
11 218 4134600000000
155 150 1810912000000
45 17 64132600000000
45 150 24322870000000
45 4 119497400000000
72 218 1238900000000
72 150 8940000000000
72 4 15307700000000
301 218 4275500000
301 150 154086000000
301 4 509675400000
224 218 1000000000
224 4 62600000000
224 150 5200000000
364 150 178830000000
364 218 9000000000
198 150 134656000000
258 17 5113000000
258 4 992409000000
258 150 815899000000
258 218 92547000000
1 218 4574400000
1 4 63812900000
1 150 295700000
51 218 68600000000
51 373 427800000000
51 150 4350000000000
51 4 12159860000000
191 218 51300000000
191 150 12302800000000
324 150 106480000000
324 4 812090000000
3 218 249300000000
3 15 359540000000
3 150 1798050000000
3 4 3797969999999
185 150 10844000000
185 4 62445000000
32 4 9093600000000
12 150 1388200000000
12 218 6700000000
25 4 473480000000
25 17 107480000000
25 150 386440000000
25 218 80650000000
302 218 3383600000000
93 218 63429999999
93 150 111300000000
93 4 120359999999
341 218 1704000000000
125 4 583297000000
205 4 2858300000000
259 4 3121600000000
259 150 3359600000000
357 4 11690000000
220 218 4906400000000
256 373 373070000
256 150 110490000
89 150 3936999999
21 150 2016992000000
21 218 115501119999
317 218 113406000000
317 4 910562000000
317 150 467397000000
211 218 1140600000
211 150 581400000
211 4 208900000
279 218 347800000
279 15 103600000
279 150 328600000
279 5 133100000
279 4 14441100000
232 4 3507119999999
232 150 5742910000000
62 4 205798000000
188 4 2985120000000
143 4 23585167000000
210 4 22853600000000
126 218 1820000000
126 15 273000000
126 4 32305000000
126 150 8685000000
126 5 967000000
60 218 5125800000
60 15 220500000
60 373 739600000
60 4 42046300000
60 150 798300000
122 373 1798820000000
122 218 779100000000
122 150 3513919999999
122 17 2300170000000
122 4 24544910000000
129 15 188220000000
129 150 1010840000000
129 4 2096859999999
204 150 114027900000000
103 218 4441300000000
103 150 8080100000000
131 4 414179000000
226 4 629150000000
144 4 2416400000000
133 4 258800000000
133 218 41400000000
238 373 24932500000
238 4 47710000000
238 150 21479000000
44 4 31232000000000
338 218 7164000000
338 150 27468000000
338 4 302883000000
169 218 260000000000
169 4 924400000000
79 218 16373700000
79 4 65408700000
79 150 6420399999
325 218 28020100000000
325 4 65120900000000
325 150 7889410000000
70 4 1342000000000
70 218 11457200000000
267 252 54588600000
255 150 31139999999
255 4 497770000000
295 4 1025329999999
295 218 960000000
295 150 126520000000
145 218 5800000000
145 15 12700000000
145 150 1093900000000
145 4 4048500000000
13 4 2776980000000
13 150 721140000000
312 4 5929210000000
312 218 221640000000
312 17 2066257000000
312 150 2073620000000
314 4 1386000000000
314 218 104600000000
314 150 1301700000000
253 4 9971500000
253 150 4002600000
249 150 17330360000000
249 15 17061600000000
249 17 50997700000000
249 4 9872150000000
40 150 254500000000
371 150 1391600000000
371 4 1480100000000
371 218 269600000000
371 15 90300000000
296 150 3523137000000
148 150 2200000000
148 4 1801000000
48 4 1399210000000
48 15 741910000000
48 150 2361320000000
20 150 305000000000
20 218 143600000000
20 4 3209500000000
157 15 4590000000
157 150 26270000000
157 4 190420000000
219 15 21960000000
219 218 366580000000
219 4 1848820000000
219 150 123720000000
171 4 701739471000000
363 81 2461200000000
167 4 1252473900000000
167 150 2672722900000000
22 4 114648100000000
151 150 611200000000
151 373 13100000000
160 4 13912000000
292 4 255300000000
292 15 9150000000
215 4 78721000000
85 4 197263431000000
39 4 833489999
163 150 206460000000
163 4 4269300000000
163 15 894910000000
236 4 552000000
46 4 128352000000
46 218 163388000000
46 150 151927000000
162 218 7500000000
162 150 77040000000
320 150 145766170000000
10 218 16340000000
10 150 25270000000
10 4 26270000000
114 4 892200000
114 150 1104100000
265 4 3279999999
265 150 2680000000
303 4 119676000000
233 4 4615700000000
233 218 113200000000
278 4 18889164979000000
278 150 35555182269000000
74 150 175200000000
74 4 693900000000
74 218 1711700000000
64 150 40540000000
64 218 2850000000
64 15 1296800000000
64 4 6542860000000
349 4 85800000000
154 4 206300000000
237 150 7661860000000
237 4 2624330000000
281 4 10458100000000
275 4 131400000
275 218 24700000
172 4 838500000000
304 150 1054003000000
304 4 6850048000000
304 218 174302000000
200 150 2907918900000000
200 4 17074276500000000
209 150 93840000000
209 218 42000000000
209 4 10416250000000
120 4 225894999999
120 17 1229600000
120 218 2334000000
120 150 166708000000
261 4 58854999999
261 150 392000000
31 4 3036013000000
31 218 83567000000
31 150 1017516000000
35 15 92300000000
35 4 1512000000000
35 17 1791049000000
35 150 371000000000
174 4 544900000
174 150 3251700000
174 218 629800000
272 150 530830000000
272 15 89810000000
272 218 12930000000
272 4 3156880000000
61 150 9483700000000
61 218 94000000000
61 4 11046300000000
121 150 1180832000000
121 218 6101000000
121 4 329657000000
316 4 13130000000
316 218 2720000000
316 150 640000000
33 150 5463892400000000
33 4 3737683200000000
175 4 253300000
221 4 15740000000
221 218 999000000
221 150 2950000000
358 150 16000000000
358 4 1304160000000
285 4 5220000000
319 218 10400000000
319 4 1958700000000
319 150 150400000000
308 218 1700000000
308 4 3262700000000
308 150 2202700000000
9 4 56426860000000
9 218 917929999999
9 150 5072520000000
323 150 1735080000000
315 4 2804300000000
176 4 58584067000000
241 4 74484600000000
345 4 3679030000000
366 150 321000000
58 218 16600000000
139 218 15311000000000
68 150 6116475000000
